"Registered" "Date" "Year" "Month" "Day" "Hour" "Holiday" "WorkDay" "Weather" "Temp" "TempFeel" "Humidity" "Windspeed" "Casual"
"15325" 742 "2012-10-05" "2012" 10 5 17 0 1 1 0.7 0.6364 0.42 0.1642 158
"5605" 89 "2011-08-26" "2011" 8 5 10 0 1 1 0.74 0.697 0.66 0.0896 34
"6977" 18 "2011-10-23" "2011" 10 0 7 0 0 1 0.34 0.3485 0.87 0.0896 3
"17065" 334 "2012-12-18" "2012" 12 2 19 0 1 1 0.38 0.3939 0.46 0.3881 19
"11913" 273 "2012-05-16" "2012" 5 3 13 0 1 1 0.72 0.6515 0.42 0 77
"1210" 53 "2011-02-23" "2011" 2 3 11 0 1 1 0.24 0.2576 0.41 0.1045 16
"15421" 733 "2012-10-09" "2012" 10 2 17 0 1 2 0.52 0.5 0.68 0.1642 73
"3433" 116 "2011-05-27" "2011" 5 5 22 0 1 1 0.6 0.5758 0.78 0.1343 25
"14330" 25 "2012-08-25" "2012" 8 6 6 0 0 2 0.64 0.5909 0.78 0.1642 5
"6372" 13 "2011-09-28" "2011" 9 3 1 0 1 1 0.6 0.5455 0.88 0 1
"7827" 167 "2011-11-27" "2011" 11 0 17 0 0 1 0.54 0.5152 0.56 0.194 37
"12941" 318 "2012-06-28" "2012" 6 4 9 0 1 1 0.7 0.6515 0.54 0.1642 33
"11339" 38 "2012-04-22" "2012" 4 0 15 0 0 3 0.38 0.3939 0.87 0.3881 0
"7985" 48 "2011-12-04" "2011" 12 0 8 0 0 1 0.26 0.303 0.87 0 7
"10077" 53 "2012-02-29" "2012" 2 3 22 0 1 3 0.42 0.4242 0.94 0.2537 2
"12138" 147 "2012-05-25" "2012" 5 5 22 0 1 1 0.66 0.6212 0.74 0.1045 65
"10827" 10 "2012-04-01" "2012" 4 0 5 0 0 2 0.34 0.3485 0.81 0.0896 8
"5479" 5 "2011-08-21" "2011" 8 0 4 0 0 1 0.68 0.6364 0.83 0.2239 1
"16432" 94 "2012-11-22" "2012" 11 4 9 1 0 1 0.3 0.3333 0.65 0 25
"4295" 148 "2011-07-02" "2011" 7 6 20 0 0 1 0.76 0.6818 0.45 0.2836 136
"4473" 17 "2011-07-10" "2011" 7 0 6 0 0 1 0.64 0.5909 0.78 0.0896 8
"12714" 143 "2012-06-18" "2012" 6 1 22 0 1 2 0.62 0.5909 0.73 0.1642 21
"6974" 1 "2011-10-23" "2011" 10 0 4 0 0 1 0.34 0.3636 0.87 0 5
"820" 114 "2011-02-06" "2011" 2 0 14 0 0 1 0.34 0.3485 0.46 0.0896 47
"16199" 347 "2012-11-12" "2012" 11 1 16 1 0 1 0.56 0.5303 0.64 0.1642 87
"12412" 637 "2012-06-06" "2012" 6 3 8 0 1 1 0.54 0.5152 0.68 0 31
"4665" 95 "2011-07-18" "2011" 7 1 6 0 1 1 0.64 0.5758 0.83 0.1045 10
"10363" 183 "2012-03-12" "2012" 3 1 21 0 1 2 0.54 0.5152 0.56 0.2239 22
"15844" 187 "2012-10-27" "2012" 10 6 8 0 0 1 0.5 0.4848 0.77 0.2537 26
"12290" 136 "2012-06-01" "2012" 6 5 6 0 1 3 0.62 0.5606 0.88 0.1343 5
"16907" 37 "2012-12-12" "2012" 12 3 5 0 1 1 0.26 0.2576 0.6 0.194 0
"7997" 116 "2011-12-04" "2011" 12 0 20 0 0 1 0.36 0.3485 0.76 0.1343 8
"15986" 239 "2012-11-03" "2012" 11 6 18 0 0 2 0.36 0.3333 0.46 0.2836 58
"2418" 112 "2011-04-15" "2011" 4 5 15 1 0 1 0.54 0.5152 0.52 0.4478 50
"16008" 316 "2012-11-04" "2012" 11 0 16 0 0 1 0.4 0.4091 0.4 0.3284 119
"15555" 461 "2012-10-15" "2012" 10 1 7 0 1 2 0.58 0.5455 0.68 0.3284 15
"9639" 217 "2012-02-11" "2012" 2 6 13 0 0 2 0.26 0.2424 0.81 0.2836 18
"2677" 98 "2011-04-26" "2011" 4 2 10 0 1 1 0.66 0.6212 0.69 0.3582 22
"11512" 198 "2012-04-29" "2012" 4 0 20 0 0 1 0.56 0.5303 0.32 0.0896 45
"11712" 5 "2012-05-08" "2012" 5 2 4 0 1 2 0.52 0.5 0.68 0.3284 0
"12362" 135 "2012-06-04" "2012" 6 1 6 0 1 1 0.52 0.5 0.68 0 4
"8685" 144 "2012-01-02" "2012" 1 1 16 1 0 1 0.26 0.2273 0.35 0.4179 10
"7881" 23 "2011-11-30" "2011" 11 3 0 0 1 1 0.36 0.3333 0.62 0.4179 1
"10036" 2 "2012-02-28" "2012" 2 2 4 0 1 1 0.32 0.2879 0.42 0.3582 0
"3455" 128 "2011-05-28" "2011" 5 6 20 0 0 1 0.7 0.6515 0.65 0.2239 68
"13513" 6 "2012-07-22" "2012" 7 0 5 0 0 1 0.6 0.5455 0.88 0 0
"198" 79 "2011-01-09" "2011" 1 0 12 0 0 1 0.18 0.1364 0.37 0.4478 4
"16351" 22 "2012-11-19" "2012" 11 1 0 0 1 1 0.36 0.3485 0.66 0.2239 5
"5391" 163 "2011-08-17" "2011" 8 3 12 0 1 1 0.8 0.7273 0.43 0.2836 26
"9410" 75 "2012-02-01" "2012" 2 3 23 0 1 1 0.46 0.4545 0.63 0.0896 22
"10067" 69 "2012-02-29" "2012" 2 3 12 0 1 3 0.32 0.303 0.93 0.3284 1
"10967" 25 "2012-04-07" "2012" 4 6 2 0 0 1 0.36 0.3333 0.29 0.3582 11
"14775" 557 "2012-09-12" "2012" 9 3 19 0 1 1 0.64 0.6212 0.5 0.194 78
"8095" 84 "2011-12-08" "2011" 12 4 22 0 1 1 0.26 0.2727 0.65 0.1343 8
"14367" 212 "2012-08-26" "2012" 8 0 19 0 0 2 0.64 0.5758 0.89 0.1642 80
"8625" 17 "2011-12-31" "2011" 12 6 3 0 0 2 0.4 0.4091 0.62 0.2836 1
"663" 19 "2011-01-30" "2011" 1 0 22 0 0 2 0.24 0.2273 0.7 0.194 2
"11279" 9 "2012-04-20" "2012" 4 5 3 0 1 1 0.44 0.4394 0.88 0.1045 1
"12483" 61 "2012-06-09" "2012" 6 6 7 0 0 1 0.58 0.5455 0.64 0.1045 26
"630" 66 "2011-01-29" "2011" 1 6 12 0 0 2 0.2 0.197 0.59 0.194 12
"16438" 96 "2012-11-22" "2012" 11 4 15 1 0 1 0.48 0.4697 0.29 0 132
"9190" 211 "2012-01-23" "2012" 1 1 19 0 1 2 0.26 0.2576 0.93 0.1642 9
"1546" 176 "2011-03-09" "2011" 3 3 18 0 1 2 0.34 0.3182 0.76 0.2537 12
"7662" 90 "2011-11-20" "2011" 11 0 20 0 0 2 0.52 0.5 0.68 0.1045 23
"7105" 171 "2011-10-28" "2011" 10 5 15 0 1 2 0.36 0.3333 0.43 0.2537 44
"10283" 174 "2012-03-09" "2012" 3 5 12 0 1 1 0.36 0.3333 0.34 0.4179 27
"2812" 73 "2011-05-02" "2011" 5 1 1 0 1 1 0.46 0.4545 0.72 0.1343 41
"11499" 20 "2012-04-29" "2012" 4 0 7 0 0 2 0.34 0.3333 0.87 0.1343 7
"3646" 249 "2011-06-05" "2011" 6 0 19 0 0 1 0.68 0.6364 0.65 0.1642 108
"15518" 299 "2012-10-13" "2012" 10 6 18 0 0 1 0.46 0.4545 0.44 0.1343 174
"15423" 483 "2012-10-09" "2012" 10 2 19 0 1 2 0.5 0.4848 0.72 0.1642 31
"3043" 240 "2011-05-11" "2011" 5 3 16 0 1 1 0.66 0.6212 0.39 0 49
"10144" 279 "2012-03-03" "2012" 3 6 17 0 0 1 0.5 0.4848 0.23 0.3284 106
"1565" 11 "2011-03-10" "2011" 3 4 15 0 1 3 0.44 0.4394 0 0.2239 3
"8147" 47 "2011-12-11" "2011" 12 0 2 0 0 1 0.18 0.1667 0.55 0.2537 5
"12526" 12 "2012-06-11" "2012" 6 1 2 0 1 1 0.66 0.6212 0.74 0.1045 5
"11089" 21 "2012-04-12" "2012" 4 4 5 0 1 1 0.3 0.2879 0.61 0.2239 0
"12176" 269 "2012-05-27" "2012" 5 0 12 0 0 1 0.74 0.697 0.66 0.2537 301
"8003" 8 "2011-12-05" "2011" 12 1 2 0 1 1 0.32 0.3485 0.87 0 0
"10764" 175 "2012-03-29" "2012" 3 4 14 0 1 1 0.5 0.4848 0.42 0.3582 63
"5397" 470 "2011-08-17" "2011" 8 3 18 0 1 1 0.76 0.697 0.55 0.2537 86
"5539" 311 "2011-08-23" "2011" 8 2 16 0 1 1 0.72 0.6515 0.32 0.1343 133
"10350" 547 "2012-03-12" "2012" 3 1 8 0 1 1 0.34 0.3333 0.61 0.1343 17
"10059" 2 "2012-02-29" "2012" 2 3 3 0 1 1 0.28 0.303 0.7 0.0896 0
"4936" 114 "2011-07-29" "2011" 7 5 13 0 1 1 0.94 0.8333 0.31 0 42
"3200" 9 "2011-05-18" "2011" 5 3 5 0 1 1 0.52 0.5 1 0.2239 0
"17258" 11 "2012-12-26" "2012" 12 3 22 0 1 3 0.24 0.197 0.93 0.4478 0
"3450" 187 "2011-05-28" "2011" 5 6 15 0 0 1 0.74 0.6818 0.55 0.2239 187
"14197" 267 "2012-08-19" "2012" 8 0 17 0 0 2 0.64 0.5909 0.78 0.1045 76
"325" 25 "2011-01-15" "2011" 1 6 0 0 0 1 0.18 0.2424 0.55 0 3
"12292" 675 "2012-06-01" "2012" 6 5 8 0 1 2 0.64 0.5758 0.89 0.194 19
"5740" 144 "2011-09-01" "2011" 9 4 14 0 1 3 0.72 0.6667 0.54 0.2537 54
"12443" 234 "2012-06-07" "2012" 6 4 15 0 1 1 0.74 0.6515 0.3 0 99
"1047" 224 "2011-02-16" "2011" 2 3 8 0 1 2 0.22 0.2273 0.55 0.1642 6
"2095" 8 "2011-04-02" "2011" 4 6 3 0 0 1 0.24 0.2424 0.7 0.1642 1
"5393" 138 "2011-08-17" "2011" 8 3 14 0 1 1 0.82 0.7273 0.36 0.1642 54
"15170" 33 "2012-09-29" "2012" 9 6 6 0 0 1 0.5 0.4848 0.63 0.2537 4
"10155" 11 "2012-03-04" "2012" 3 0 4 0 0 2 0.34 0.3333 0.46 0.194 3
"16277" 143 "2012-11-15" "2012" 11 4 22 0 1 2 0.32 0.3182 0.66 0.1642 10
"15394" 299 "2012-10-08" "2012" 10 1 14 1 0 2 0.42 0.4242 0.58 0.1045 121
"10401" 155 "2012-03-14" "2012" 3 3 11 0 1 2 0.62 0.6212 0.41 0.1642 65
"1869" 74 "2011-03-23" "2011" 3 3 15 0 1 2 0.38 0.3939 0.82 0.2239 11
"8259" 363 "2011-12-15" "2011" 12 4 18 0 1 2 0.52 0.5 0.59 0.2985 14
"15746" 152 "2012-10-23" "2012" 10 2 6 0 1 1 0.4 0.4091 0.82 0.0896 6
"14218" 188 "2012-08-20" "2012" 8 1 14 0 1 1 0.72 0.6667 0.54 0.1642 87
"6104" 124 "2011-09-16" "2011" 9 5 21 0 1 2 0.5 0.4848 0.63 0 39
"1879" 3 "2011-03-24" "2011" 3 4 1 0 1 2 0.3 0.2879 1 0.2239 0
"10336" 256 "2012-03-11" "2012" 3 0 18 0 0 1 0.52 0.5 0.29 0.2836 133
"13668" 279 "2012-07-28" "2012" 7 6 16 0 0 1 0.86 0.7727 0.39 0.2239 208
"4982" 163 "2011-07-31" "2011" 7 0 11 0 0 1 0.86 0.7424 0.28 0.1642 112
"16345" 240 "2012-11-18" "2012" 11 0 18 0 0 1 0.36 0.3485 0.66 0.2239 36
"11420" 42 "2012-04-26" "2012" 4 4 0 0 1 2 0.48 0.4697 0.63 0 1
"17103" 303 "2012-12-20" "2012" 12 4 9 0 1 2 0.3 0.3333 0.7 0 14
"8480" 16 "2011-12-24" "2011" 12 6 23 0 0 1 0.24 0.2576 0.56 0 1
"6277" 54 "2011-09-24" "2011" 9 6 2 0 0 2 0.58 0.5455 0.94 0.0896 14
"10718" 267 "2012-03-27" "2012" 3 2 16 0 1 1 0.42 0.4242 0.2 0 38
"15995" 10 "2012-11-04" "2012" 11 0 3 0 0 1 0.28 0.2879 0.61 0.1045 1
"10541" 167 "2012-03-20" "2012" 3 2 7 0 1 3 0.52 0.5 0.94 0.2239 3
"15368" 292 "2012-10-07" "2012" 10 0 12 0 0 2 0.42 0.4242 0.71 0 100
"16131" 235 "2012-11-09" "2012" 11 5 20 0 1 1 0.36 0.3485 0.66 0.1343 20
"16430" 49 "2012-11-22" "2012" 11 4 7 1 0 1 0.22 0.2273 0.75 0.1343 7
"6752" 115 "2011-10-13" "2011" 10 4 21 0 1 1 0.62 0.5758 0.83 0.194 8
"7143" 4 "2011-10-30" "2011" 10 0 5 0 0 1 0.24 0.2121 0.75 0.2985 0
"10324" 8 "2012-03-11" "2012" 3 0 6 0 0 1 0.24 0.2424 0.7 0.1642 2
"10518" 563 "2012-03-19" "2012" 3 1 8 0 1 1 0.46 0.4545 0.88 0.1045 16
"5642" 218 "2011-08-28" "2011" 8 0 12 0 0 1 0.74 0.6667 0.51 0.3881 88
"16204" 145 "2012-11-12" "2012" 11 1 21 1 0 3 0.54 0.5152 0.73 0.2239 10
"5864" 269 "2011-09-06" "2011" 9 2 19 0 1 2 0.54 0.5152 0.88 0.4179 12
"5832" 137 "2011-09-05" "2011" 9 1 10 1 0 2 0.7 0.6515 0.7 0.1642 107
"11919" 499 "2012-05-16" "2012" 5 3 19 0 1 1 0.7 0.6515 0.54 0.2836 91
"10159" 54 "2012-03-04" "2012" 3 0 8 0 0 1 0.3 0.2727 0.52 0.3284 12
"14882" 157 "2012-09-17" "2012" 9 1 6 0 1 1 0.48 0.4697 0.82 0 7
"15009" 434 "2012-09-22" "2012" 9 6 13 0 0 1 0.74 0.6667 0.51 0.3582 273
"9169" 58 "2012-01-22" "2012" 1 0 22 0 0 2 0.16 0.197 0.93 0.0896 0
"14722" 233 "2012-09-10" "2012" 9 1 14 0 1 1 0.66 0.6212 0.36 0.2836 107
"3162" 110 "2011-05-16" "2011" 5 1 15 0 1 1 0.72 0.6667 0.51 0 55
"11129" 153 "2012-04-13" "2012" 4 5 21 0 1 1 0.5 0.4848 0.36 0 36
"12717" 13 "2012-06-19" "2012" 6 2 1 0 1 2 0.6 0.5758 0.78 0.1642 1
"8563" 135 "2011-12-28" "2011" 12 3 13 0 1 1 0.34 0.2879 0.39 0.4627 24
"1230" 244 "2011-02-24" "2011" 2 4 8 0 1 1 0.24 0.2273 0.7 0.2239 8
"7587" 379 "2011-11-17" "2011" 11 4 17 0 1 1 0.32 0.2879 0.42 0.3881 20
"9679" 17 "2012-02-13" "2012" 2 1 5 0 1 1 0.1 0.1212 0.58 0.1343 0
"16225" 514 "2012-11-13" "2012" 11 2 18 0 1 1 0.34 0.3182 0.49 0.2836 45
"11165" 154 "2012-04-15" "2012" 4 0 9 0 0 1 0.54 0.5152 0.56 0.2239 97
"11155" 151 "2012-04-14" "2012" 4 6 23 0 0 2 0.54 0.5152 0.56 0.194 45
"14411" 258 "2012-08-28" "2012" 8 2 15 0 1 1 0.82 0.7273 0.34 0.2985 59
"4492" 5 "2011-07-11" "2011" 7 1 1 0 1 1 0.7 0.6515 0.61 0.2836 5
"11164" 64 "2012-04-15" "2012" 4 0 8 0 0 1 0.52 0.5 0.59 0 33
"6773" 361 "2011-10-14" "2011" 10 5 18 0 1 1 0.54 0.5152 0.39 0.2836 62
"15961" 581 "2012-11-02" "2012" 11 5 17 0 1 1 0.38 0.3939 0.4 0.3284 57
"8746" 26 "2012-01-05" "2012" 1 4 5 0 1 2 0.2 0.2273 0.59 0.0896 0
"11440" 314 "2012-04-26" "2012" 4 4 20 0 1 1 0.54 0.5152 0.77 0.194 23
"15250" 147 "2012-10-02" "2012" 10 2 14 0 1 3 0.6 0.5455 0.88 0.1343 16
"14322" 209 "2012-08-24" "2012" 8 5 22 0 1 2 0.7 0.6515 0.61 0 42
"14595" 489 "2012-09-05" "2012" 9 3 7 0 1 2 0.7 0.6667 0.79 0.2537 11
"440" 247 "2011-01-20" "2011" 1 4 8 0 1 1 0.22 0.2121 0.55 0.2836 2
"3311" 174 "2011-05-22" "2011" 5 0 20 0 0 1 0.64 0.6061 0.65 0.1642 57
"10666" 238 "2012-03-25" "2012" 3 0 12 0 0 2 0.4 0.4091 0.94 0.2239 122
"17281" 51 "2012-12-27" "2012" 12 4 21 0 1 2 0.24 0.2273 0.6 0.2537 12
"456" 20 "2011-01-21" "2011" 1 5 0 0 1 2 0.24 0.2273 0.7 0.2537 1
"4107" 97 "2011-06-25" "2011" 6 6 0 0 0 1 0.68 0.6364 0.47 0.1642 19
"841" 36 "2011-02-07" "2011" 2 1 11 0 1 1 0.3 0.3182 0.65 0.0896 11
"10504" 294 "2012-03-18" "2012" 3 0 18 0 0 1 0.56 0.5303 0.64 0.1642 165
"6626" 234 "2011-10-08" "2011" 10 6 15 0 0 1 0.66 0.6212 0.39 0 262
"4711" 4 "2011-07-20" "2011" 7 3 4 0 1 1 0.68 0.6364 0.83 0 0
"11144" 404 "2012-04-14" "2012" 4 6 12 0 0 1 0.58 0.5455 0.35 0.2537 274
"3639" 212 "2011-06-05" "2011" 6 0 12 0 0 2 0.64 0.6061 0.69 0.1045 123
"16731" 252 "2012-12-04" "2012" 12 2 21 0 1 2 0.5 0.4848 0.63 0.2537 28
"9807" 219 "2012-02-18" "2012" 2 6 13 0 0 1 0.4 0.4091 0.43 0.2836 165
"7741" 4 "2011-11-24" "2011" 11 4 3 1 0 1 0.28 0.2879 0.65 0.1343 1
"16234" 5 "2012-11-14" "2012" 11 3 3 0 1 1 0.24 0.2273 0.65 0.2239 0
"3342" 2 "2011-05-24" "2011" 5 2 3 0 1 2 0.58 0.5455 0.94 0.1045 0
"8835" 54 "2012-01-08" "2012" 1 0 22 0 0 1 0.26 0.2727 0.6 0.1045 4
"437" 6 "2011-01-20" "2011" 1 4 5 0 1 1 0.24 0.2273 0.6 0.2239 0
"16426" 6 "2012-11-22" "2012" 11 4 3 1 0 1 0.24 0.2576 0.75 0.1045 0
"12793" 35 "2012-06-22" "2012" 6 5 5 0 1 2 0.74 0.697 0.66 0.0896 3
"13633" 34 "2012-07-27" "2012" 7 5 5 0 1 1 0.7 0.6667 0.84 0 3
"15719" 5 "2012-10-22" "2012" 10 1 3 0 1 1 0.4 0.4091 0.62 0 1
"1753" 237 "2011-03-18" "2011" 3 5 17 0 1 1 0.7 0.6364 0.37 0.3284 95
"10596" 161 "2012-03-22" "2012" 3 4 14 0 1 1 0.6 0.5909 0.73 0.1045 96
"15485" 374 "2012-10-12" "2012" 10 5 9 0 1 1 0.5 0.4848 0.39 0.2985 26
"1696" 101 "2011-03-16" "2011" 3 3 7 0 1 2 0.3 0.2879 0.93 0.194 10
"10502" 312 "2012-03-18" "2012" 3 0 16 0 0 1 0.54 0.5152 0.73 0.0896 229
"1497" 206 "2011-03-07" "2011" 3 1 17 0 1 1 0.34 0.303 0.29 0.3582 27
"5143" 5 "2011-08-07" "2011" 8 0 4 0 0 1 0.7 0.6667 0.84 0.1343 1
"3404" 445 "2011-05-26" "2011" 5 4 17 0 1 1 0.8 0.7273 0.46 0.2836 49
"15729" 227 "2012-10-22" "2012" 10 1 13 0 1 1 0.62 0.6212 0.29 0.1642 88
"3421" 111 "2011-05-27" "2011" 5 5 10 0 1 1 0.72 0.6667 0.54 0.3881 42
"2291" 7 "2011-04-10" "2011" 4 0 7 0 0 2 0.36 0.3636 1 0.0896 3
"3101" 37 "2011-05-14" "2011" 5 6 2 0 0 2 0.5 0.4848 0.88 0.1343 15
"3027" 30 "2011-05-11" "2011" 5 3 0 0 1 2 0.52 0.5 0.55 0.1343 8
"8033" 401 "2011-12-06" "2011" 12 2 8 0 1 2 0.46 0.4545 0.94 0.194 13
"2174" 25 "2011-04-05" "2011" 4 2 10 0 1 3 0.34 0.303 0.81 0.3881 3
"4634" 107 "2011-07-16" "2011" 7 6 23 0 0 1 0.68 0.6364 0.61 0.2239 61
"7869" 17 "2011-11-29" "2011" 11 2 12 0 1 3 0.42 0.4242 0.82 0.4179 1
"13020" 228 "2012-07-01" "2012" 7 0 16 0 0 1 0.92 0.8333 0.33 0.2985 85
"5211" 18 "2011-08-10" "2011" 8 3 0 0 1 1 0.74 0.6667 0.51 0.2239 19
"4394" 78 "2011-07-06" "2011" 7 3 23 0 1 1 0.68 0.6364 0.83 0.2239 20
"7804" 118 "2011-11-26" "2011" 11 6 18 0 0 2 0.42 0.4242 0.62 0.1642 67
"9095" 184 "2012-01-19" "2012" 1 4 20 0 1 1 0.26 0.2121 0.52 0.4478 7
"9762" 110 "2012-02-16" "2012" 2 4 16 0 1 3 0.34 0.3636 0.81 0 8
"7189" 5 "2011-11-01" "2011" 11 2 3 0 1 2 0.36 0.3485 0.81 0.1343 1
"11421" 22 "2012-04-26" "2012" 4 4 1 0 1 2 0.48 0.4697 0.48 0.0896 1
"6243" 262 "2011-09-22" "2011" 9 4 16 0 1 2 0.68 0.6364 0.74 0.1343 39
"14681" 155 "2012-09-08" "2012" 9 6 21 0 0 2 0.6 0.5606 0.83 0.1642 26
"2516" 372 "2011-04-19" "2011" 4 2 17 0 1 1 0.56 0.5303 0.6 0.1045 39
"4232" 24 "2011-06-30" "2011" 6 4 5 0 1 1 0.58 0.5455 0.64 0.2537 1
"16840" 180 "2012-12-09" "2012" 12 0 10 0 0 2 0.4 0.4091 0.87 0.2836 39
"1613" 144 "2011-03-12" "2011" 3 6 16 0 0 1 0.46 0.4545 0.41 0.4478 100
"7800" 158 "2011-11-26" "2011" 11 6 14 0 0 2 0.48 0.4697 0.48 0.1343 141
"3822" 6 "2011-06-13" "2011" 6 1 3 0 1 1 0.6 0.6061 0.6 0.4925 1
"12789" 28 "2012-06-22" "2012" 6 5 1 0 1 1 0.76 0.7424 0.75 0.1642 3
"16043" 4 "2012-11-06" "2012" 11 2 3 0 1 1 0.22 0.2424 0.64 0.1045 0
"2720" 13 "2011-04-28" "2011" 4 4 5 0 1 2 0.62 0.5758 0.83 0.3881 0
"17291" 111 "2012-12-28" "2012" 12 5 7 0 1 1 0.22 0.2273 0.64 0.1642 1
"3429" 310 "2011-05-27" "2011" 5 5 18 0 1 2 0.72 0.6818 0.62 0.2985 89
"16484" 161 "2012-11-24" "2012" 11 6 13 0 0 1 0.32 0.303 0.36 0.3284 64
"12768" 11 "2012-06-21" "2012" 6 4 4 0 1 1 0.7 0.6667 0.84 0.0896 1
"2901" 456 "2011-05-05" "2011" 5 4 18 0 1 1 0.56 0.5303 0.26 0.2836 64
"12893" 298 "2012-06-26" "2012" 6 2 9 0 1 1 0.58 0.5455 0.46 0.4179 30
"9589" 95 "2012-02-09" "2012" 2 4 11 0 1 1 0.24 0.2273 0.52 0.2239 4
"13329" 372 "2012-07-14" "2012" 7 6 13 0 0 2 0.76 0.7121 0.62 0.0896 219
"11492" 36 "2012-04-29" "2012" 4 0 0 0 0 3 0.36 0.3485 0.81 0.1343 0
"10070" 87 "2012-02-29" "2012" 2 3 15 0 1 2 0.4 0.4091 0.82 0.2836 3
"5282" 100 "2011-08-12" "2011" 8 5 23 0 1 1 0.68 0.6364 0.51 0 51
"13190" 199 "2012-07-08" "2012" 7 0 18 0 0 1 0.78 0.7424 0.62 0.1045 54
"9905" 486 "2012-02-22" "2012" 2 3 17 0 1 1 0.52 0.5 0.32 0.3881 43
"696" 132 "2011-02-01" "2011" 2 2 8 0 1 3 0.16 0.2273 0.93 0 3
"4876" 9 "2011-07-27" "2011" 7 3 1 0 1 1 0.78 0.7121 0.49 0.194 1
"5317" 116 "2011-08-14" "2011" 8 0 10 0 0 1 0.7 0.6667 0.79 0.2239 67
"15069" 11 "2012-09-25" "2012" 9 2 1 0 1 1 0.44 0.4394 0.72 0.1343 2
"13661" 227 "2012-07-28" "2012" 7 6 9 0 0 1 0.78 0.7424 0.59 0.1045 110
"10859" 141 "2012-04-02" "2012" 4 1 14 0 1 1 0.46 0.4545 0.31 0.4179 127
"8608" 108 "2011-12-30" "2011" 12 5 10 0 1 1 0.3 0.2879 0.65 0.2537 10
"15000" 10 "2012-09-22" "2012" 9 6 4 0 0 1 0.56 0.5303 0.83 0.2836 5
"7292" 171 "2011-11-05" "2011" 11 6 10 0 0 1 0.32 0.303 0.53 0.2537 56
"14738" 200 "2012-09-11" "2012" 9 2 6 0 1 1 0.46 0.4545 0.77 0.1045 11
"11667" 31 "2012-05-06" "2012" 5 0 7 0 0 3 0.52 0.5 0.83 0.1642 5
"13973" 199 "2012-08-10" "2012" 8 5 9 0 1 2 0.64 0.5758 0.89 0 21
"4597" 107 "2011-07-15" "2011" 7 5 10 0 1 2 0.66 0.6212 0.61 0.1642 59
"6285" 203 "2011-09-24" "2011" 9 6 10 0 0 2 0.6 0.5455 0.88 0.0896 90
"934" 64 "2011-02-11" "2011" 2 5 12 0 1 1 0.22 0.2273 0.47 0.1343 7
"8442" 152 "2011-12-23" "2011" 12 5 9 0 1 1 0.4 0.4091 0.66 0.2985 4
"8408" 54 "2011-12-21" "2011" 12 3 23 0 1 1 0.5 0.4848 0.88 0.194 0
"4923" 45 "2011-07-29" "2011" 7 5 0 0 1 1 0.74 0.7121 0.79 0.1642 12
"11075" 152 "2012-04-11" "2012" 4 3 15 0 1 3 0.38 0.3939 0.46 0.2239 50
"6367" 221 "2011-09-27" "2011" 9 2 20 0 1 1 0.62 0.5909 0.78 0 17
"2922" 171 "2011-05-06" "2011" 5 5 15 0 1 1 0.6 0.6212 0.38 0.3881 89
"116" 11 "2011-01-06" "2011" 1 4 0 0 1 1 0.18 0.2424 0.55 0 0
"9990" 2 "2012-02-26" "2012" 2 0 6 0 0 1 0.22 0.197 0.44 0.3284 0
"3369" 113 "2011-05-25" "2011" 5 3 6 0 1 1 0.56 0.5303 0.94 0.0896 4
"13838" 321 "2012-08-04" "2012" 8 6 18 0 0 1 0.86 0.7879 0.41 0.3284 169
"8500" 18 "2011-12-25" "2011" 12 0 20 0 0 1 0.32 0.3333 0.49 0.0896 8
"11772" 334 "2012-05-10" "2012" 5 4 16 0 1 1 0.58 0.5455 0.3 0.4627 87
"17034" 211 "2012-12-17" "2012" 12 1 12 0 1 2 0.4 0.4091 0.87 0 21
"4656" 148 "2011-07-17" "2011" 7 0 21 0 0 1 0.74 0.6818 0.62 0.2239 59
"6788" 157 "2011-10-15" "2011" 10 6 9 0 0 1 0.52 0.5 0.48 0.2985 50
"1838" 132 "2011-03-22" "2011" 3 2 7 0 1 2 0.4 0.4091 0.76 0.1045 4
"17332" 41 "2012-12-30" "2012" 12 0 0 0 0 2 0.26 0.2576 0.6 0.1642 0
"5465" 228 "2011-08-20" "2011" 8 6 14 0 0 1 0.8 0.7424 0.49 0.194 147
"7251" 465 "2011-11-03" "2011" 11 4 17 0 1 1 0.48 0.4697 0.55 0.0896 33
"9550" 206 "2012-02-07" "2012" 2 2 20 0 1 1 0.36 0.3485 0.5 0.1343 6
"14396" 29 "2012-08-28" "2012" 8 2 0 0 1 1 0.7 0.6667 0.84 0.2537 9
"5766" 299 "2011-09-02" "2011" 9 5 16 0 1 2 0.7 0.6515 0.61 0.1343 82
"10824" 61 "2012-04-01" "2012" 4 0 2 0 0 2 0.36 0.3485 0.76 0.1642 20
"7172" 87 "2011-10-31" "2011" 10 1 10 0 1 2 0.36 0.3485 0.57 0.1642 18
"16486" 139 "2012-11-24" "2012" 11 6 15 0 0 1 0.3 0.2727 0.36 0.4627 59
"16730" 272 "2012-12-04" "2012" 12 2 20 0 1 2 0.5 0.4848 0.63 0.2239 34
"13719" 584 "2012-07-30" "2012" 7 1 19 0 1 1 0.82 0.7727 0.52 0.1642 81
"15748" 733 "2012-10-23" "2012" 10 2 8 0 1 2 0.46 0.4545 0.72 0.0896 28
"1953" 14 "2011-03-27" "2011" 3 0 3 0 0 3 0.2 0.197 0.69 0.2239 0
"16176" 342 "2012-11-11" "2012" 11 0 17 0 0 1 0.54 0.5152 0.45 0.1642 151
"16767" 257 "2012-12-06" "2012" 12 4 9 0 1 1 0.24 0.2273 0.48 0.194 19
"12174" 215 "2012-05-27" "2012" 5 0 10 0 0 1 0.68 0.6364 0.74 0.2537 209
"15745" 49 "2012-10-23" "2012" 10 2 5 0 1 1 0.44 0.4394 0.77 0.0896 1
"683" 153 "2011-01-31" "2011" 1 1 18 0 1 2 0.16 0.1515 0.55 0.2239 3
"10535" 9 "2012-03-20" "2012" 3 2 1 0 1 1 0.54 0.5152 0.88 0 6
"310" 117 "2011-01-14" "2011" 1 5 9 0 1 1 0.14 0.1515 0.69 0.1343 0
"4337" 173 "2011-07-04" "2011" 7 1 14 1 0 1 0.8 0.7273 0.46 0 235
"7913" 462 "2011-12-01" "2011" 12 4 8 0 1 1 0.26 0.2273 0.6 0.3284 15
"14955" 514 "2012-09-20" "2012" 9 4 7 0 1 1 0.46 0.4545 0.82 0.1045 20
"2275" 116 "2011-04-09" "2011" 4 6 15 0 0 2 0.36 0.3788 0.87 0 85
"10331" 288 "2012-03-11" "2012" 3 0 13 0 0 1 0.42 0.4242 0.41 0.2985 176
"2211" 29 "2011-04-06" "2011" 4 3 23 0 1 1 0.46 0.4545 0.41 0.2985 11
"13405" 675 "2012-07-17" "2012" 7 2 17 0 1 1 0.92 0.8182 0.29 0 95
"17337" 2 "2012-12-30" "2012" 12 0 5 0 0 2 0.26 0.2273 0.48 0.2985 0
"15582" 157 "2012-10-16" "2012" 10 2 10 0 1 1 0.5 0.4848 0.48 0.2836 65
"890" 67 "2011-02-09" "2011" 2 3 13 0 1 1 0.18 0.1667 0.4 0.2537 2
"6995" 8 "2011-10-24" "2011" 10 1 1 0 1 1 0.4 0.4091 0.82 0.1343 7
"11351" 1 "2012-04-23" "2012" 4 1 3 0 1 2 0.32 0.303 0.81 0.2836 0
"7889" 465 "2011-11-30" "2011" 11 3 8 0 1 1 0.28 0.2727 0.81 0.194 13
"1092" 6 "2011-02-18" "2011" 2 5 5 0 1 2 0.46 0.4545 0.67 0.1045 1
"16674" 409 "2012-12-02" "2012" 12 0 12 0 0 2 0.34 0.3333 0.81 0.1642 111
"8972" 178 "2012-01-14" "2012" 1 6 16 0 0 1 0.24 0.2273 0.38 0.2239 28
"12800" 191 "2012-06-22" "2012" 6 5 12 0 1 1 0.84 0.7879 0.49 0.1343 63
"16429" 15 "2012-11-22" "2012" 11 4 6 1 0 1 0.26 0.2727 0.7 0.1045 2
"4899" 31 "2011-07-28" "2011" 7 4 0 0 1 1 0.7 0.6515 0.51 0.1343 14
"11244" 199 "2012-04-18" "2012" 4 3 16 0 1 2 0.42 0.4242 0.77 0.2239 36
"13461" 9 "2012-07-20" "2012" 7 5 1 0 1 1 0.66 0.5909 0.89 0.1343 2
"13705" 43 "2012-07-30" "2012" 7 1 5 0 1 1 0.66 0.6061 0.83 0.1045 4
"2023" 4 "2011-03-30" "2011" 3 3 3 0 1 2 0.32 0.3485 0.49 0 0
"2033" 84 "2011-03-30" "2011" 3 3 13 0 1 2 0.36 0.3485 0.46 0.2239 14
"5429" 8 "2011-08-19" "2011" 8 5 2 0 1 3 0.64 0.5758 0.83 0 0
"5705" 4 "2011-08-31" "2011" 8 3 3 0 1 1 0.56 0.5303 0.78 0 2
"12152" 293 "2012-05-26" "2012" 5 6 12 0 0 1 0.74 0.697 0.66 0.2239 236
"16697" 182 "2012-12-03" "2012" 12 1 11 0 1 1 0.48 0.4697 0.77 0.1343 51
"1098" 82 "2011-02-18" "2011" 2 5 11 0 1 1 0.44 0.4394 0.72 0.1642 31
"2283" 45 "2011-04-09" "2011" 4 6 23 0 0 2 0.38 0.3939 0.87 0.0896 12
"13929" 212 "2012-08-08" "2012" 8 3 13 0 1 2 0.8 0.7424 0.52 0 101
"143" 5 "2011-01-07" "2011" 1 5 5 0 1 3 0.22 0.2727 0.55 0 0
"12034" 135 "2012-05-21" "2012" 5 1 14 0 1 3 0.6 0.5606 0.83 0.194 45
"10953" 224 "2012-04-06" "2012" 4 5 12 0 1 1 0.42 0.4242 0.35 0.2985 113
"5153" 192 "2011-08-07" "2011" 8 0 14 0 0 1 0.86 0.803 0.47 0.194 130
"14334" 294 "2012-08-25" "2012" 8 6 10 0 0 2 0.7 0.6515 0.65 0.2985 148
"13447" 162 "2012-07-19" "2012" 7 4 11 0 1 1 0.8 0.7576 0.55 0.1045 54
"7005" 109 "2011-10-24" "2011" 10 1 11 0 1 2 0.5 0.4848 0.72 0.1642 59
"6017" 116 "2011-09-13" "2011" 9 2 6 0 1 1 0.56 0.5303 0.88 0.1045 6
"9198" 3 "2012-01-24" "2012" 1 2 3 0 1 2 0.32 0.3333 0.93 0.1343 0
"16757" 69 "2012-12-05" "2012" 12 3 23 0 1 1 0.3 0.2727 0.49 0.3881 5
"9997" 267 "2012-02-26" "2012" 2 0 13 0 0 1 0.32 0.3333 0.36 0 58
"9023" 134 "2012-01-16" "2012" 1 1 19 1 0 1 0.26 0.2424 0.56 0.2836 10
"10383" 614 "2012-03-13" "2012" 3 2 17 0 1 1 0.7 0.6364 0.37 0.1045 62
"16883" 40 "2012-12-11" "2012" 12 2 5 0 1 3 0.34 0.303 0.71 0.3284 1
"12180" 243 "2012-05-27" "2012" 5 0 16 0 0 1 0.78 0.7121 0.52 0.2836 258
"10513" 2 "2012-03-19" "2012" 3 1 3 0 1 1 0.46 0.4545 0.88 0.0896 0
"15388" 374 "2012-10-08" "2012" 10 1 8 1 0 2 0.36 0.3485 0.71 0.2239 23
"15358" 64 "2012-10-07" "2012" 10 0 2 0 0 1 0.42 0.4242 0.62 0.1343 10
"2173" 44 "2011-04-05" "2011" 4 2 9 0 1 3 0.36 0.3182 0.87 0.4925 2
"16269" 174 "2012-11-15" "2012" 11 4 14 0 1 2 0.38 0.3939 0.54 0.1642 27
"13079" 23 "2012-07-04" "2012" 7 3 3 1 0 1 0.68 0.6364 0.74 0.194 9
"3918" 5 "2011-06-17" "2011" 6 5 3 0 1 1 0.56 0.5303 0.94 0.1045 1
"7001" 274 "2011-10-24" "2011" 10 1 7 0 1 2 0.38 0.3939 0.94 0.1045 11
"15316" 749 "2012-10-05" "2012" 10 5 8 0 1 1 0.58 0.5455 0.64 0 36
"13770" 251 "2012-08-01" "2012" 8 3 22 0 1 1 0.72 0.6818 0.7 0.1045 37
"1986" 65 "2011-03-28" "2011" 3 1 14 0 1 1 0.32 0.303 0.22 0.2239 15
"4024" 158 "2011-06-21" "2011" 6 2 13 0 1 1 0.74 0.697 0.66 0.1642 49
"7319" 209 "2011-11-06" "2011" 11 0 13 0 0 1 0.46 0.4545 0.51 0.1642 105
"1000" 96 "2011-02-14" "2011" 2 1 7 0 1 1 0.34 0.303 0.46 0.2985 2
"12201" 284 "2012-05-28" "2012" 5 1 13 1 0 1 0.8 0.7879 0.63 0.2836 272
"5676" 119 "2011-08-29" "2011" 8 1 22 0 1 1 0.62 0.6212 0.57 0.1343 23
"16106" 359 "2012-11-08" "2012" 11 4 19 0 1 1 0.38 0.3939 0.27 0.3582 14
"5866" 109 "2011-09-06" "2011" 9 2 21 0 1 3 0.54 0.5152 0.88 0.2836 12
"13943" 5 "2012-08-09" "2012" 8 4 3 0 1 1 0.68 0.6364 0.83 0.0896 1
"11383" 157 "2012-04-24" "2012" 4 2 11 0 1 1 0.46 0.4545 0.31 0.3881 27
"9808" 244 "2012-02-18" "2012" 2 6 14 0 0 1 0.44 0.4394 0.35 0.3582 183
"2840" 14 "2011-05-03" "2011" 5 2 5 0 1 1 0.52 0.5 0.88 0.1343 0
"13299" 353 "2012-07-13" "2012" 7 5 7 0 1 2 0.7 0.6515 0.54 0 27
"12701" 222 "2012-06-18" "2012" 6 1 9 0 1 2 0.54 0.5152 0.83 0.2239 28
"16783" 26 "2012-12-07" "2012" 12 5 1 0 1 2 0.24 0.2273 0.7 0.194 2
"1434" 15 "2011-03-05" "2011" 3 6 0 0 0 2 0.28 0.2879 0.81 0.1045 4
"8341" 4 "2011-12-19" "2011" 12 1 4 0 1 1 0.16 0.1818 0.86 0.1343 0
"2599" 3 "2011-04-23" "2011" 4 6 4 0 0 3 0.34 0.3636 1 0 2
"836" 29 "2011-02-07" "2011" 2 1 6 0 1 1 0.18 0.2424 0.93 0 1
"11800" 277 "2012-05-11" "2012" 5 5 20 0 1 1 0.62 0.6061 0.25 0.1343 64
"10018" 88 "2012-02-27" "2012" 2 1 10 0 1 1 0.32 0.303 0.45 0.2537 16
"8076" 1 "2011-12-08" "2011" 12 4 3 0 1 1 0.26 0.2273 0.6 0.2985 0
"8407" 102 "2011-12-21" "2011" 12 3 22 0 1 1 0.5 0.4848 0.88 0.2537 3
"10002" 199 "2012-02-26" "2012" 2 0 18 0 0 1 0.34 0.3182 0.36 0.2836 17
"11117" 294 "2012-04-13" "2012" 4 5 9 0 1 1 0.42 0.4242 0.41 0.1642 36
"2904" 141 "2011-05-05" "2011" 5 4 21 0 1 1 0.5 0.4848 0.36 0.194 39
"7025" 299 "2011-10-25" "2011" 10 2 7 0 1 1 0.4 0.4091 0.76 0.194 15
"14388" 367 "2012-08-27" "2012" 8 1 16 0 1 1 0.8 0.7576 0.55 0.2537 77
"6614" 16 "2011-10-08" "2011" 10 6 3 0 0 1 0.44 0.4394 0.88 0 4
"15827" 306 "2012-10-26" "2012" 10 5 15 0 1 2 0.62 0.6061 0.61 0.1045 142
"13028" 31 "2012-07-02" "2012" 7 1 0 0 1 2 0.76 0.7121 0.58 0.2239 12
"10023" 150 "2012-02-27" "2012" 2 1 15 0 1 1 0.52 0.5 0.25 0.4179 24
"17247" 10 "2012-12-26" "2012" 12 3 11 0 1 3 0.2 0.1667 0.86 0.4627 0
"12626" 142 "2012-06-15" "2012" 6 5 6 0 1 1 0.54 0.5152 0.83 0.1343 9
"2216" 1 "2011-04-07" "2011" 4 4 4 0 1 1 0.34 0.3333 0.76 0.194 0
"6212" 187 "2011-09-21" "2011" 9 3 9 0 1 2 0.56 0.5303 1 0.0896 21
"7473" 78 "2011-11-12" "2011" 11 6 23 0 0 1 0.4 0.4091 0.58 0.1642 23
"4754" 73 "2011-07-21" "2011" 7 4 23 0 1 1 0.8 0.8182 0.71 0.1642 40
"1531" 2 "2011-03-09" "2011" 3 3 3 0 1 1 0.24 0.2576 0.7 0.0896 1
"875" 46 "2011-02-08" "2011" 2 2 21 0 1 1 0.14 0.1061 0.33 0.4627 8
"1263" 150 "2011-02-25" "2011" 2 5 18 0 1 1 0.32 0.2879 0.49 0.4925 7
"16440" 43 "2012-11-22" "2012" 11 4 17 1 0 1 0.44 0.4394 0.35 0 66
"16227" 211 "2012-11-13" "2012" 11 2 20 0 1 1 0.3 0.2727 0.49 0.3582 12
"16771" 212 "2012-12-06" "2012" 12 4 13 0 1 1 0.3 0.3333 0.39 0 33
"1705" 121 "2011-03-16" "2011" 3 3 16 0 1 2 0.4 0.4091 0.76 0.1642 30
"7636" 172 "2011-11-19" "2011" 11 6 18 0 0 1 0.38 0.3939 0.46 0.1343 36
"9533" 1 "2012-02-07" "2012" 2 2 3 0 1 2 0.3 0.3333 0.7 0 1
"16097" 148 "2012-11-08" "2012" 11 4 10 0 1 1 0.32 0.303 0.31 0.3284 13
"1792" 30 "2011-03-20" "2011" 3 0 8 0 0 1 0.28 0.2727 0.56 0.1642 7
"14996" 140 "2012-09-22" "2012" 9 6 0 0 0 1 0.6 0.5909 0.73 0.2836 32
"8419" 128 "2011-12-22" "2011" 12 4 10 0 1 2 0.4 0.4091 0.82 0.0896 13
"2474" 37 "2011-04-17" "2011" 4 0 23 0 0 1 0.44 0.4394 0.67 0.1642 19
"14379" 418 "2012-08-27" "2012" 8 1 7 0 1 1 0.66 0.6061 0.83 0 15
"5038" 369 "2011-08-02" "2011" 8 2 19 0 1 2 0.86 0.7576 0.36 0.2239 85
"916" 76 "2011-02-10" "2011" 2 4 16 0 1 1 0.2 0.1818 0.27 0.2985 4
"13458" 62 "2012-07-19" "2012" 7 4 22 0 1 3 0.66 0.5909 0.89 0.2537 6
"7355" 8 "2011-11-08" "2011" 11 2 1 0 1 1 0.32 0.3333 0.93 0.1045 3
"16256" 14 "2012-11-15" "2012" 11 4 1 0 1 2 0.26 0.2727 0.65 0.1045 2
"7038" 208 "2011-10-25" "2011" 10 2 20 0 1 1 0.46 0.4545 0.67 0.1045 40
"9831" 197 "2012-02-19" "2012" 2 0 13 0 0 1 0.3 0.303 0.49 0.1642 64
"6509" 384 "2011-10-03" "2011" 10 1 18 0 1 2 0.4 0.4091 0.76 0.1642 28
"3487" 4 "2011-05-30" "2011" 5 1 4 1 0 1 0.62 0.5455 0.94 0.1642 2
"8965" 78 "2012-01-14" "2012" 1 6 9 0 0 1 0.14 0.1667 0.5 0.1045 3
"2537" 115 "2011-04-20" "2011" 4 3 14 0 1 1 0.74 0.6515 0.4 0.4627 33
"17078" 665 "2012-12-19" "2012" 12 3 8 0 1 1 0.24 0.2576 0.87 0.1045 13
"5904" 85 "2011-09-08" "2011" 9 4 12 0 1 2 0.66 0.5909 0.94 0.2239 17
"2666" 53 "2011-04-25" "2011" 4 1 23 0 1 1 0.58 0.5455 0.78 0.2836 9
"14906" 163 "2012-09-18" "2012" 9 2 6 0 1 2 0.64 0.5758 0.89 0.3284 4
"16310" 70 "2012-11-17" "2012" 11 6 7 0 0 1 0.24 0.2273 0.7 0.194 8
"705" 172 "2011-02-01" "2011" 2 2 17 0 1 2 0.24 0.2879 0.75 0 4
"12600" 6 "2012-06-14" "2012" 6 4 4 0 1 2 0.6 0.6212 0.56 0.2537 0
"14249" 239 "2012-08-21" "2012" 8 2 21 0 1 1 0.64 0.6061 0.73 0 41
"16212" 18 "2012-11-13" "2012" 11 2 5 0 1 2 0.34 0.3182 0.87 0.2836 0
"7120" 1 "2011-10-29" "2011" 10 6 6 0 0 3 0.26 0.2273 0.87 0.3582 4
"10613" 318 "2012-03-23" "2012" 3 5 7 0 1 2 0.5 0.4848 0.93 0.1343 28
"16941" 240 "2012-12-13" "2012" 12 4 15 0 1 1 0.36 0.3485 0.34 0.1343 40
"6588" 25 "2011-10-07" "2011" 10 5 1 0 1 1 0.44 0.4394 0.88 0 3
"5633" 19 "2011-08-27" "2011" 8 6 14 0 0 3 0.64 0.5758 0.89 0.5522 4
"9349" 82 "2012-01-30" "2012" 1 1 10 0 1 1 0.22 0.2121 0.41 0.2836 3
"6789" 207 "2011-10-15" "2011" 10 6 10 0 0 1 0.54 0.5152 0.45 0.4478 115
"1806" 30 "2011-03-20" "2011" 3 0 22 0 0 2 0.34 0.303 0.53 0.3284 8
"16776" 542 "2012-12-06" "2012" 12 4 18 0 1 1 0.28 0.2727 0.45 0.1642 23
"7894" 131 "2011-11-30" "2011" 11 3 13 0 1 2 0.38 0.3939 0.43 0.3582 16
"16517" 59 "2012-11-25" "2012" 11 0 22 0 0 1 0.24 0.2879 0.6 0 3
"13270" 9 "2012-07-12" "2012" 7 4 2 0 1 2 0.66 0.6212 0.65 0.0896 0
"10095" 323 "2012-03-01" "2012" 3 4 16 0 1 1 0.58 0.5455 0.32 0.2985 38
"4302" 25 "2011-07-03" "2011" 7 0 3 0 0 3 0.68 0.6364 0.65 0.0896 8
"3756" 176 "2011-06-10" "2011" 6 5 9 0 1 1 0.76 0.697 0.55 0 37
"11906" 150 "2012-05-16" "2012" 5 3 6 0 1 1 0.54 0.5152 0.94 0.0896 8
"2978" 41 "2011-05-08" "2011" 5 0 23 0 0 1 0.46 0.4545 0.88 0.0896 9
"804" 43 "2011-02-05" "2011" 2 6 22 0 0 1 0.26 0.2727 0.93 0.1343 2
"1575" 8 "2011-03-11" "2011" 3 5 1 0 1 3 0.34 0.3485 1 0.1045 0
"1641" 49 "2011-03-13" "2011" 3 0 21 0 0 1 0.3 0.2879 0.56 0.2537 9
"3718" 323 "2011-06-08" "2011" 6 3 19 0 1 1 0.82 0.803 0.59 0.1343 61
"9292" 57 "2012-01-28" "2012" 1 6 1 0 0 1 0.3 0.303 0.52 0.1642 1
"8678" 53 "2012-01-02" "2012" 1 1 9 1 0 1 0.24 0.2576 0.35 0 15
"9325" 153 "2012-01-29" "2012" 1 0 10 0 0 1 0.24 0.2424 0.35 0.1343 38
"10593" 166 "2012-03-22" "2012" 3 4 11 0 1 2 0.52 0.5 0.94 0 53
"1262" 181 "2011-02-25" "2011" 2 5 17 0 1 1 0.32 0.2727 0.49 0.7463 8
"11570" 117 "2012-05-02" "2012" 5 3 6 0 1 3 0.56 0.5303 0.84 0 3
"6349" 4 "2011-09-27" "2011" 9 2 2 0 1 1 0.62 0.5455 0.94 0.1045 7
"3746" 82 "2011-06-09" "2011" 6 4 23 0 1 2 0.74 0.697 0.57 0.1642 15
"4799" 98 "2011-07-23" "2011" 7 6 20 0 0 1 0.82 0.803 0.59 0.2239 47
"6144" 214 "2011-09-18" "2011" 9 0 13 0 0 1 0.56 0.5303 0.6 0.1343 162
"3966" 16 "2011-06-19" "2011" 6 0 3 0 0 2 0.66 0.6061 0.78 0.1343 14
"16034" 523 "2012-11-05" "2012" 11 1 18 0 1 1 0.34 0.3182 0.46 0.2239 19
"62" 67 "2011-01-03" "2011" 1 1 16 0 1 1 0.26 0.2424 0.3 0.2537 9
"6569" 110 "2011-10-06" "2011" 10 4 6 0 1 1 0.4 0.4091 0.66 0.194 4
"15895" 36 "2012-10-30" "2012" 10 2 23 0 1 1 0.3 0.303 0.81 0.1343 3
"10464" 32 "2012-03-17" "2012" 3 6 2 0 0 2 0.44 0.4394 0.88 0 10
"11629" 547 "2012-05-04" "2012" 5 5 17 0 1 1 0.7 0.6515 0.54 0.4627 96
"3929" 142 "2011-06-17" "2011" 6 5 14 0 1 1 0.76 0.697 0.52 0.194 73
"13064" 198 "2012-07-03" "2012" 7 2 12 0 1 1 0.88 0.7576 0.28 0.194 74
"11236" 551 "2012-04-18" "2012" 4 3 8 0 1 3 0.5 0.4848 0.39 0.194 25
"1454" 58 "2011-03-05" "2011" 3 6 20 0 0 2 0.44 0.4394 0.77 0.3284 12
"12925" 730 "2012-06-27" "2012" 6 3 17 0 1 1 0.82 0.697 0.24 0.3881 113
"4139" 78 "2011-06-26" "2011" 6 0 8 0 0 1 0.64 0.6212 0.61 0.194 29
"12903" 529 "2012-06-26" "2012" 6 2 19 0 1 1 0.72 0.6515 0.28 0.2239 83
"14720" 256 "2012-09-10" "2012" 9 1 12 0 1 1 0.64 0.6212 0.44 0.3881 76
"6696" 138 "2011-10-11" "2011" 10 2 13 0 1 2 0.6 0.5909 0.73 0.194 42
"16691" 38 "2012-12-03" "2012" 12 1 5 0 1 1 0.34 0.3485 0.93 0.0896 0
"16791" 291 "2012-12-07" "2012" 12 5 9 0 1 2 0.3 0.303 0.81 0.1343 10
"6253" 14 "2011-09-23" "2011" 9 5 2 0 1 2 0.6 0.5 1 0.1045 6
"11734" 1 "2012-05-09" "2012" 5 3 2 0 1 3 0.56 0.5303 0.88 0.4478 0
"13304" 254 "2012-07-13" "2012" 7 5 12 0 1 2 0.76 0.6818 0.4 0.1045 125
"5808" 147 "2011-09-04" "2011" 9 0 10 0 0 1 0.7 0.6667 0.74 0.1343 150
"13723" 116 "2012-07-30" "2012" 7 1 23 0 1 1 0.7 0.6667 0.74 0.194 34
"3210" 133 "2011-05-18" "2011" 5 3 15 0 1 1 0.6 0.5758 0.78 0.2537 34
"2953" 94 "2011-05-07" "2011" 5 6 22 0 0 1 0.54 0.5152 0.49 0.194 26
"3620" 202 "2011-06-04" "2011" 6 6 17 0 0 2 0.72 0.6515 0.34 0.2537 142
"14209" 35 "2012-08-20" "2012" 8 1 5 0 1 2 0.6 0.5606 0.83 0 2
"16905" 7 "2012-12-12" "2012" 12 3 3 0 1 1 0.26 0.2727 0.6 0.1343 3
"5080" 142 "2011-08-04" "2011" 8 4 13 0 1 1 0.76 0.7121 0.58 0 63
"2280" 74 "2011-04-09" "2011" 4 6 20 0 0 2 0.38 0.3939 0.87 0.1642 19
"14406" 165 "2012-08-28" "2012" 8 2 10 0 1 1 0.74 0.6818 0.62 0.2537 39
"3679" 3 "2011-06-07" "2011" 6 2 4 0 1 1 0.58 0.5455 0.83 0.1343 2
"15542" 319 "2012-10-14" "2012" 10 0 18 0 0 1 0.58 0.5455 0.6 0.2537 134
"8193" 16 "2011-12-13" "2011" 12 2 0 0 1 1 0.22 0.2727 0.8 0 1
"2681" 115 "2011-04-26" "2011" 4 2 14 0 1 1 0.72 0.6667 0.58 0.3284 40
"11566" 9 "2012-05-02" "2012" 5 3 2 0 1 1 0.56 0.5303 0.83 0 7
"4021" 120 "2011-06-21" "2011" 6 2 10 0 1 2 0.64 0.5758 0.83 0.194 41
"11840" 342 "2012-05-13" "2012" 5 0 12 0 0 1 0.64 0.6212 0.57 0.2239 189
"12205" 247 "2012-05-28" "2012" 5 1 17 1 0 1 0.82 0.7879 0.56 0.2985 158
"15159" 470 "2012-09-28" "2012" 9 5 19 0 1 3 0.62 0.6212 0.5 0.2537 38
"12956" 90 "2012-06-29" "2012" 6 5 0 0 1 1 0.74 0.6667 0.48 0.1343 24
"5601" 100 "2011-08-26" "2011" 8 5 6 0 1 1 0.62 0.5606 0.88 0 5
"13252" 644 "2012-07-11" "2012" 7 3 8 0 1 2 0.68 0.6364 0.79 0.1642 30
"15173" 263 "2012-09-29" "2012" 9 6 9 0 0 1 0.5 0.4848 0.63 0.194 69
"4752" 187 "2011-07-21" "2011" 7 4 21 0 1 1 0.82 0.8939 0.75 0.2239 38
"1687" 53 "2011-03-15" "2011" 3 2 21 0 1 3 0.32 0.3333 0.81 0.1045 2
"5799" 38 "2011-09-04" "2011" 9 0 1 0 0 1 0.66 0.6061 0.83 0.1343 37
"14735" 7 "2012-09-11" "2012" 9 2 3 0 1 1 0.48 0.4697 0.67 0.1343 1
"12762" 226 "2012-06-20" "2012" 6 3 22 0 1 1 0.82 0.7576 0.46 0.1045 31
"6108" 52 "2011-09-17" "2011" 9 6 1 0 0 1 0.46 0.4545 0.72 0.1045 28
"4367" 225 "2011-07-05" "2011" 7 2 20 0 1 1 0.76 0.7273 0.66 0.1045 59
"13050" 169 "2012-07-02" "2012" 7 1 22 0 1 1 0.74 0.6667 0.51 0.1642 19
"12211" 60 "2012-05-28" "2012" 5 1 23 1 0 1 0.72 0.697 0.74 0.1642 22
"12958" 15 "2012-06-29" "2012" 6 5 2 0 1 1 0.72 0.6667 0.58 0.194 3
"5370" 123 "2011-08-16" "2011" 8 2 15 0 1 1 0.8 0.7121 0.41 0.2985 36
"2807" 86 "2011-05-01" "2011" 5 0 20 0 0 2 0.46 0.4545 0.82 0 35
"1555" 2 "2011-03-10" "2011" 3 4 5 0 1 3 0.36 0.3485 0 0.194 1
"15930" 133 "2012-11-01" "2012" 11 4 10 0 1 3 0.36 0.3485 0.62 0.194 13
"1379" 238 "2011-03-02" "2011" 3 3 17 0 1 1 0.5 0.4848 0.23 0.2836 30
"4672" 125 "2011-07-18" "2011" 7 1 13 0 1 1 0.82 0.7879 0.56 0.2537 27
"2156" 130 "2011-04-04" "2011" 4 1 16 0 1 1 0.76 0.6515 0.22 0.5224 59
"518" 56 "2011-01-23" "2011" 1 0 16 0 0 1 0.16 0.1364 0.26 0.3284 9
"11285" 329 "2012-04-20" "2012" 4 5 9 0 1 1 0.46 0.4545 0.88 0.0896 30
"8876" 225 "2012-01-10" "2012" 1 2 16 0 1 1 0.42 0.4242 0.38 0.3582 15
"14298" 177 "2012-08-23" "2012" 8 4 22 0 1 2 0.68 0.6364 0.61 0.1045 21
"5221" 72 "2011-08-10" "2011" 8 3 10 0 1 1 0.8 0.7273 0.43 0.2239 41
"7231" 155 "2011-11-02" "2011" 11 3 21 0 1 1 0.38 0.3939 0.71 0.1343 13
"14060" 48 "2012-08-14" "2012" 8 2 0 0 1 1 0.7 0.6667 0.74 0.2239 12
"2728" 103 "2011-04-28" "2011" 4 4 13 0 1 2 0.62 0.5758 0.83 0.2985 18
"15409" 19 "2012-10-09" "2012" 10 2 5 0 1 2 0.38 0.3939 0.82 0.194 0
"6280" 3 "2011-09-24" "2011" 9 6 5 0 0 2 0.56 0.5303 0.94 0.1045 2
"12358" 10 "2012-06-04" "2012" 6 1 2 0 1 1 0.56 0.5303 0.6 0.2239 1
"5758" 434 "2011-09-02" "2011" 9 5 8 0 1 1 0.62 0.5909 0.78 0.194 22
"6373" 9 "2011-09-28" "2011" 9 3 2 0 1 1 0.6 0.5455 0.88 0.2537 0
"11617" 24 "2012-05-04" "2012" 5 5 5 0 1 1 0.56 0.5303 0.88 0.194 0
"6393" 68 "2011-09-28" "2011" 9 3 22 0 1 1 0.6 0.5455 0.88 0.0896 19
"2793" 9 "2011-05-01" "2011" 5 0 6 0 0 2 0.4 0.4091 0.82 0.0896 4
"7156" 162 "2011-10-30" "2011" 10 0 18 0 0 1 0.36 0.3485 0.4 0.1343 51
"5980" 303 "2011-09-11" "2011" 9 0 16 0 0 1 0.72 0.6667 0.51 0.2985 180
"2114" 41 "2011-04-02" "2011" 4 6 22 0 0 1 0.32 0.303 0.61 0.2985 14
"16520" 9 "2012-11-26" "2012" 11 1 1 0 1 1 0.2 0.2576 0.69 0 1
"12508" 122 "2012-06-10" "2012" 6 0 8 0 0 1 0.64 0.6061 0.73 0.0896 59
"5065" 66 "2011-08-03" "2011" 8 3 22 0 1 3 0.68 0.6364 0.89 0.1045 11
"7496" 64 "2011-11-13" "2011" 11 0 22 0 0 1 0.48 0.4697 0.41 0.3881 25
"14649" 283 "2012-09-07" "2012" 9 5 13 0 1 1 0.8 0.7727 0.59 0.2537 71
"1338" 7 "2011-03-01" "2011" 3 2 0 0 1 1 0.3 0.2727 0.7 0.4627 0
"7369" 155 "2011-11-08" "2011" 11 2 15 0 1 1 0.58 0.5455 0.46 0.1045 33
"7368" 129 "2011-11-08" "2011" 11 2 14 0 1 1 0.56 0.5303 0.46 0.1045 32
"9506" 38 "2012-02-05" "2012" 2 0 23 0 0 1 0.24 0.2424 0.7 0.1343 4
"823" 97 "2011-02-06" "2011" 2 0 17 0 0 1 0.34 0.3636 0.46 0 24
"13934" 745 "2012-08-08" "2012" 8 3 18 0 1 2 0.78 0.7273 0.55 0.1642 117
"14019" 30 "2012-08-12" "2012" 8 0 7 0 0 1 0.64 0.6061 0.65 0.1343 9
"3230" 111 "2011-05-19" "2011" 5 4 11 0 1 3 0.54 0.5152 0.88 0.1642 53
"2447" 49 "2011-04-16" "2011" 4 6 20 0 0 3 0.44 0.4394 0.94 0.2239 4
"16961" 180 "2012-12-14" "2012" 12 5 11 0 1 1 0.32 0.303 0.65 0.194 31
"14524" 99 "2012-09-02" "2012" 9 0 8 0 0 1 0.68 0.6364 0.89 0.0896 30
"105" 65 "2011-01-05" "2011" 1 3 13 0 1 1 0.28 0.2576 0.3 0.2985 6
"6760" 17 "2011-10-14" "2011" 10 5 5 0 1 2 0.56 0.5303 0.94 0.1642 0
"7765" 2 "2011-11-25" "2011" 11 5 3 0 1 1 0.28 0.2879 0.75 0.1045 0
"17286" 5 "2012-12-28" "2012" 12 5 2 0 1 1 0.24 0.2273 0.6 0.2537 0
"1927" 24 "2011-03-26" "2011" 3 6 1 0 0 1 0.26 0.2273 0.38 0.2985 3
"367" 56 "2011-01-16" "2011" 1 0 18 0 0 1 0.2 0.2121 0.4 0.1642 11
"2020" 8 "2011-03-30" "2011" 3 3 0 0 1 2 0.32 0.3485 0.57 0 3
"2257" 43 "2011-04-08" "2011" 4 5 21 0 1 2 0.3 0.2879 0.93 0.2537 11
"3207" 42 "2011-05-18" "2011" 5 3 12 0 1 1 0.56 0.5303 0.94 0.2985 12
"10361" 379 "2012-03-12" "2012" 3 1 19 0 1 2 0.56 0.5303 0.49 0.2239 67
"9750" 3 "2012-02-16" "2012" 2 4 4 0 1 3 0.3 0.3182 0.7 0.0896 0
"4908" 189 "2011-07-28" "2011" 7 4 9 0 1 1 0.78 0.7424 0.59 0.194 21
"3373" 105 "2011-05-25" "2011" 5 3 10 0 1 1 0.7 0.6515 0.61 0.0896 30
"4951" 6 "2011-07-30" "2011" 7 6 4 0 0 1 0.72 0.6818 0.66 0.1642 4
"8132" 192 "2011-12-10" "2011" 12 6 11 0 0 1 0.32 0.2879 0.53 0.4179 44
"8134" 239 "2011-12-10" "2011" 12 6 13 0 0 1 0.34 0.303 0.34 0.4179 47
"4729" 144 "2011-07-20" "2011" 7 3 22 0 1 1 0.78 0.7727 0.7 0.2239 25
"11793" 263 "2012-05-11" "2012" 5 5 13 0 1 1 0.6 0.6061 0.26 0.3881 100
"15310" 10 "2012-10-05" "2012" 10 5 2 0 1 1 0.54 0.5152 0.73 0.0896 1
"11099" 169 "2012-04-12" "2012" 4 4 15 0 1 1 0.48 0.4697 0.31 0.2537 42
"2234" 63 "2011-04-07" "2011" 4 4 22 0 1 2 0.4 0.4091 0.76 0.194 18
"3169" 105 "2011-05-16" "2011" 5 1 22 0 1 1 0.56 0.5303 0.88 0.0896 22
"8798" 116 "2012-01-07" "2012" 1 6 9 0 0 1 0.22 0.2273 0.8 0.1343 14
"6035" 28 "2011-09-14" "2011" 9 3 0 0 1 1 0.62 0.5909 0.78 0.0896 5
"13573" 775 "2012-07-24" "2012" 7 2 17 0 1 1 0.8 0.7424 0.52 0.3284 94
"9979" 137 "2012-02-25" "2012" 2 6 19 0 0 1 0.26 0.2121 0.33 0.4478 12
"2325" 290 "2011-04-11" "2011" 4 1 18 0 1 1 0.72 0.6667 0.51 0.3881 93
"2883" 23 "2011-05-05" "2011" 5 4 0 0 1 1 0.36 0.3485 0.66 0.194 4
"4918" 285 "2011-07-28" "2011" 7 4 19 0 1 1 0.82 0.803 0.59 0.194 37
"5227" 206 "2011-08-10" "2011" 8 3 16 0 1 1 0.86 0.7424 0.26 0.2985 76
"13605" 23 "2012-07-26" "2012" 7 4 1 0 1 1 0.66 0.6212 0.65 0.2239 6
"515" 75 "2011-01-23" "2011" 1 0 13 0 0 1 0.14 0.1061 0.33 0.3881 12
"11927" 3 "2012-05-17" "2012" 5 4 3 0 1 1 0.6 0.5909 0.73 0.2537 0
"5902" 57 "2011-09-08" "2011" 9 4 10 0 1 2 0.64 0.5606 0.94 0.1045 8
"17173" 16 "2012-12-23" "2012" 12 0 7 0 0 1 0.16 0.197 0.64 0.0896 3
"14083" 114 "2012-08-14" "2012" 8 2 23 0 1 1 0.72 0.6818 0.66 0.1642 53
"10427" 211 "2012-03-15" "2012" 3 4 13 0 1 2 0.66 0.6212 0.41 0.0896 62
"12082" 181 "2012-05-23" "2012" 5 3 14 0 1 1 0.68 0.6364 0.65 0.1343 67
"11802" 190 "2012-05-11" "2012" 5 5 22 0 1 1 0.56 0.5303 0.35 0.2239 44
"13803" 396 "2012-08-03" "2012" 8 5 7 0 1 1 0.7 0.6667 0.74 0.1045 25
"3947" 103 "2011-06-18" "2011" 6 6 8 0 0 1 0.66 0.6061 0.78 0.0896 28
"12030" 71 "2012-05-21" "2012" 5 1 10 0 1 3 0.58 0.5455 0.88 0.2836 28
"10852" 294 "2012-04-02" "2012" 4 1 7 0 1 1 0.34 0.303 0.66 0.3881 12
"14459" 239 "2012-08-30" "2012" 8 4 15 0 1 1 0.8 0.7273 0.46 0.1642 99
"7906" 9 "2011-12-01" "2011" 12 4 1 0 1 1 0.26 0.2424 0.6 0.2836 1
"8903" 92 "2012-01-11" "2012" 1 3 19 0 1 3 0.32 0.303 0.93 0.2239 1
"8054" 3 "2011-12-07" "2011" 12 3 5 0 1 3 0.46 0.4545 1 0.1642 0
"13923" 458 "2012-08-08" "2012" 8 3 7 0 1 2 0.7 0.6667 0.84 0.1642 24
"4724" 405 "2011-07-20" "2011" 7 3 17 0 1 1 0.84 0.8333 0.59 0.194 50
"10790" 292 "2012-03-30" "2012" 3 5 16 0 1 3 0.4 0.4091 0.62 0.2836 75
"10874" 25 "2012-04-03" "2012" 4 2 5 0 1 1 0.32 0.3333 0.66 0.0896 2
"5925" 131 "2011-09-09" "2011" 9 5 9 0 1 3 0.62 0.5455 0.94 0.1642 5
"8148" 17 "2011-12-11" "2011" 12 0 3 0 0 1 0.16 0.1818 0.59 0.1343 2
"1860" 43 "2011-03-23" "2011" 3 3 6 0 1 2 0.34 0.3182 0.87 0.2537 1
"11987" 316 "2012-05-19" "2012" 5 6 15 0 0 1 0.72 0.6515 0.3 0.1045 356
"15458" 158 "2012-10-11" "2012" 10 4 6 0 1 1 0.36 0.3485 0.5 0.1642 1
"12363" 504 "2012-06-04" "2012" 6 1 7 0 1 1 0.56 0.5303 0.6 0.2239 13
"12304" 38 "2012-06-01" "2012" 6 5 20 0 1 3 0.62 0.5455 0.94 0.2537 1
"10630" 111 "2012-03-24" "2012" 3 6 0 0 0 1 0.58 0.5455 0.68 0 45
"14591" 4 "2012-09-05" "2012" 9 3 3 0 1 1 0.7 0.6667 0.79 0.2836 0
"3160" 153 "2011-05-16" "2011" 5 1 13 0 1 1 0.68 0.6364 0.51 0 61
"3783" 235 "2011-06-11" "2011" 6 6 12 0 0 1 0.8 0.7576 0.55 0.2239 112
"1441" 10 "2011-03-05" "2011" 3 6 7 0 0 2 0.3 0.2727 1 0.2985 5
"8799" 160 "2012-01-07" "2012" 1 6 10 0 0 1 0.28 0.303 0.75 0.0896 43
"1552" 0 "2011-03-10" "2011" 3 4 0 0 1 3 0.34 0.3182 0 0.2537 3
"12559" 57 "2012-06-12" "2012" 6 2 11 0 1 3 0.66 0.6061 0.83 0.3582 8
"7576" 72 "2011-11-17" "2011" 11 4 6 0 1 3 0.36 0.3485 0.57 0.2239 3
"3846" 1 "2011-06-14" "2011" 6 2 3 0 1 1 0.58 0.5455 0.53 0.3284 1
"1959" 59 "2011-03-27" "2011" 3 0 10 0 0 2 0.22 0.2121 0.55 0.2239 27
"9585" 263 "2012-02-09" "2012" 2 4 7 0 1 1 0.2 0.197 0.69 0.2537 4
"16104" 556 "2012-11-08" "2012" 11 4 17 0 1 1 0.4 0.4091 0.2 0.2985 36
"10916" 112 "2012-04-04" "2012" 4 3 23 0 1 1 0.52 0.5 0.23 0.4179 19
"7484" 178 "2011-11-13" "2011" 11 0 10 0 0 1 0.44 0.4394 0.44 0.3284 63
"11415" 501 "2012-04-25" "2012" 4 3 19 0 1 1 0.6 0.5909 0.2 0.194 42
"14577" 203 "2012-09-04" "2012" 9 2 13 0 1 1 0.8 0.7576 0.55 0.4478 72
"10546" 205 "2012-03-20" "2012" 3 2 12 0 1 1 0.6 0.5758 0.78 0.2537 56
"4097" 162 "2011-06-24" "2011" 6 5 14 0 1 1 0.78 0.697 0.43 0.2836 67
"6933" 135 "2011-10-21" "2011" 10 5 11 0 1 1 0.5 0.4848 0.45 0.2239 39
"7036" 453 "2011-10-25" "2011" 10 2 18 0 1 1 0.52 0.5 0.42 0.1045 65
"16593" 6 "2012-11-29" "2012" 11 4 2 0 1 1 0.22 0.2727 0.64 0 1
"3554" 59 "2011-06-01" "2011" 6 3 23 0 1 1 0.74 0.6667 0.51 0.1642 10
"12974" 414 "2012-06-29" "2012" 6 5 18 0 1 1 0.96 0.8636 0.31 0 50
"13056" 6 "2012-07-03" "2012" 7 2 4 0 1 1 0.68 0.6364 0.65 0.1045 0
"15540" 378 "2012-10-14" "2012" 10 0 16 0 0 1 0.64 0.6212 0.41 0.2985 203
"9549" 327 "2012-02-07" "2012" 2 2 19 0 1 1 0.38 0.3939 0.43 0.2239 11
"4432" 175 "2011-07-08" "2011" 7 5 13 0 1 2 0.78 0.7576 0.66 0.2836 54
"12277" 742 "2012-05-31" "2012" 5 4 17 0 1 1 0.76 0.6667 0.31 0.1642 85
"8660" 147 "2012-01-01" "2012" 1 0 14 0 0 1 0.44 0.4394 0.54 0.2985 120
"10850" 22 "2012-04-02" "2012" 4 1 5 0 1 1 0.4 0.4091 0.76 0.4925 2
"8221" 4 "2011-12-14" "2011" 12 3 4 0 1 1 0.26 0.303 0.75 0 0
"14528" 297 "2012-09-02" "2012" 9 0 12 0 0 3 0.74 0.697 0.7 0 248
"4092" 203 "2011-06-24" "2011" 6 5 9 0 1 1 0.74 0.6818 0.62 0.1343 28
"2400" 126 "2011-04-14" "2011" 4 4 21 0 1 1 0.46 0.4545 0.63 0.1343 19
"2329" 66 "2011-04-11" "2011" 4 1 22 0 1 2 0.64 0.6212 0.5 0.2836 25
"10111" 533 "2012-03-02" "2012" 3 5 8 0 1 1 0.28 0.303 0.75 0.0896 16
"10692" 159 "2012-03-26" "2012" 3 1 14 0 1 1 0.48 0.4697 0.33 0.4478 58
"5500" 13 "2011-08-22" "2011" 8 1 1 0 1 1 0.68 0.6364 0.79 0.0896 8
"7243" 155 "2011-11-03" "2011" 11 4 9 0 1 2 0.36 0.3485 0.81 0.194 9
"2549" 10 "2011-04-21" "2011" 4 4 2 0 1 1 0.5 0.4848 0.42 0.3881 3
"14782" 9 "2012-09-13" "2012" 9 4 2 0 1 1 0.54 0.5152 0.77 0 0
"16617" 4 "2012-11-30" "2012" 11 5 3 0 1 1 0.24 0.2879 0.75 0 0
"10956" 319 "2012-04-06" "2012" 4 5 15 0 1 1 0.5 0.4848 0.27 0.2836 218
"12522" 117 "2012-06-10" "2012" 6 0 22 0 0 1 0.7 0.6515 0.65 0.1642 42
"10735" 298 "2012-03-28" "2012" 3 3 9 0 1 1 0.4 0.4091 0.43 0.4478 16
"13484" 92 "2012-07-21" "2012" 7 6 0 0 0 3 0.62 0.5758 0.83 0.2836 11
"6466" 57 "2011-10-01" "2011" 10 6 23 0 0 3 0.36 0.3485 0.93 0.2239 8
"5668" 127 "2011-08-29" "2011" 8 1 14 0 1 1 0.7 0.6364 0.42 0 55
"9191" 161 "2012-01-23" "2012" 1 1 20 0 1 2 0.26 0.2576 1 0.1642 8
"4498" 289 "2011-07-11" "2011" 7 1 7 0 1 1 0.7 0.6667 0.74 0.2537 28
"12812" 102 "2012-06-23" "2012" 6 6 0 0 0 1 0.64 0.5758 0.83 0 14
"13449" 180 "2012-07-19" "2012" 7 4 13 0 1 1 0.84 0.7727 0.47 0.1343 74
"5618" 114 "2011-08-26" "2011" 8 5 23 0 1 1 0.7 0.6667 0.84 0.0896 22
"1396" 49 "2011-03-03" "2011" 3 4 10 0 1 1 0.18 0.1818 0.29 0.194 7
"3785" 232 "2011-06-11" "2011" 6 6 14 0 0 1 0.82 0.7727 0.49 0.1045 148
"910" 34 "2011-02-10" "2011" 2 4 10 0 1 1 0.12 0.1061 0.42 0.2985 1
"7699" 147 "2011-11-22" "2011" 11 2 9 0 1 3 0.4 0.4091 0.94 0 2
"11833" 8 "2012-05-13" "2012" 5 0 5 0 0 1 0.52 0.5 0.72 0.194 4
"7760" 14 "2011-11-24" "2011" 11 4 22 1 0 1 0.36 0.3485 0.71 0.1642 8
"2357" 2 "2011-04-13" "2011" 4 3 2 0 1 3 0.4 0.4091 1 0.2985 0
"14096" 230 "2012-08-15" "2012" 8 3 12 0 1 1 0.74 0.6818 0.55 0.2239 77
"14280" 6 "2012-08-23" "2012" 8 4 4 0 1 1 0.62 0.5758 0.83 0 0
"11960" 252 "2012-05-18" "2012" 5 5 12 0 1 1 0.62 0.6212 0.41 0.194 108
"10964" 92 "2012-04-06" "2012" 4 5 23 0 1 1 0.42 0.4242 0.3 0.2836 21
"97" 3 "2011-01-05" "2011" 1 3 5 0 1 1 0.22 0.2273 0.47 0.1642 0
"8512" 38 "2011-12-26" "2011" 12 1 9 1 0 1 0.34 0.303 0.46 0.2985 24
"1836" 11 "2011-03-22" "2011" 3 2 5 0 1 2 0.4 0.4091 0.87 0.1343 1
"15878" 136 "2012-10-28" "2012" 10 0 18 0 0 3 0.42 0.4242 0.94 0.4925 18
"14201" 154 "2012-08-19" "2012" 8 0 21 0 0 3 0.62 0.5909 0.78 0.0896 36
"14822" 692 "2012-09-14" "2012" 9 5 18 0 1 1 0.72 0.6515 0.45 0.2239 116
"5085" 435 "2011-08-04" "2011" 8 4 18 0 1 1 0.7 0.6667 0.74 0.2985 88
"3413" 12 "2011-05-27" "2011" 5 5 2 0 1 1 0.68 0.6364 0.61 0.2239 6
"6987" 220 "2011-10-23" "2011" 10 0 17 0 0 1 0.5 0.4848 0.63 0.1343 120
"10330" 264 "2012-03-11" "2012" 3 0 12 0 0 1 0.4 0.4091 0.37 0.2985 146
"5937" 154 "2011-09-09" "2011" 9 5 21 0 1 1 0.66 0.5909 0.89 0 49
"10681" 1 "2012-03-26" "2012" 3 1 3 0 1 1 0.46 0.4545 0.82 0.194 0
"2407" 3 "2011-04-15" "2011" 4 5 4 1 0 1 0.38 0.3939 0.82 0.0896 0
"10" 6 "2011-01-01" "2011" 1 6 9 0 0 1 0.32 0.3485 0.76 0 8
"16421" 82 "2012-11-21" "2012" 11 3 22 0 1 1 0.34 0.3636 0.49 0 6
"6770" 169 "2011-10-14" "2011" 10 5 15 0 1 1 0.62 0.6212 0.43 0.2836 61
"14160" 8 "2012-08-18" "2012" 8 6 4 0 0 1 0.62 0.5909 0.73 0.2239 5
"9334" 145 "2012-01-29" "2012" 1 0 19 0 0 1 0.32 0.303 0.29 0.2537 14
"12803" 212 "2012-06-22" "2012" 6 5 15 0 1 1 0.9 0.8182 0.35 0.3582 72
"3819" 20 "2011-06-13" "2011" 6 1 0 0 1 1 0.64 0.5909 0.78 0.1343 8
"14271" 524 "2012-08-22" "2012" 8 3 19 0 1 2 0.66 0.6212 0.74 0 56
"434" 2 "2011-01-20" "2011" 1 4 2 0 1 1 0.26 0.2727 0.56 0 0
"7715" 8 "2011-11-23" "2011" 11 3 1 0 1 2 0.48 0.4697 0.94 0.2985 0
"1786" 24 "2011-03-20" "2011" 3 0 2 0 0 1 0.3 0.2879 0.52 0.2836 6
"3312" 109 "2011-05-22" "2011" 5 0 21 0 0 1 0.62 0.5909 0.73 0.194 27
"8169" 16 "2011-12-12" "2011" 12 1 0 0 1 1 0.2 0.2273 0.69 0.0896 4
"16478" 21 "2012-11-24" "2012" 11 6 7 0 0 2 0.26 0.2273 0.41 0.3284 4
"13416" 6 "2012-07-18" "2012" 7 3 4 0 1 1 0.72 0.6818 0.7 0.1343 0
"770" 78 "2011-02-04" "2011" 2 5 12 0 1 2 0.24 0.2424 0.48 0.1642 8
"11445" 32 "2012-04-27" "2012" 4 5 1 0 1 1 0.5 0.4848 0.59 0.4478 3
"11762" 130 "2012-05-10" "2012" 5 4 6 0 1 1 0.44 0.4394 0.72 0.2239 9
"10679" 10 "2012-03-26" "2012" 3 1 1 0 1 1 0.48 0.4697 0.82 0.2537 18
"9248" 28 "2012-01-26" "2012" 1 4 5 0 1 2 0.3 0.3182 0.75 0.1045 0
"7320" 219 "2011-11-06" "2011" 11 0 14 0 0 1 0.46 0.4545 0.55 0.194 101
"477" 41 "2011-01-21" "2011" 1 5 21 0 1 1 0.08 0.0758 0.38 0.2836 0
"5196" 141 "2011-08-09" "2011" 8 2 9 0 1 2 0.78 0.7424 0.62 0.1343 34
"16500" 3 "2012-11-25" "2012" 11 0 5 0 0 2 0.22 0.2273 0.47 0.1642 0
"13552" 347 "2012-07-23" "2012" 7 1 20 0 1 1 0.76 0.7121 0.62 0.1642 56
"12484" 202 "2012-06-09" "2012" 6 6 8 0 0 1 0.62 0.6061 0.61 0.1045 42
"3519" 125 "2011-05-31" "2011" 5 2 12 0 1 1 0.86 0.803 0.47 0.1343 37
"15756" 433 "2012-10-23" "2012" 10 2 16 0 1 1 0.68 0.6364 0.44 0.0896 108
"9580" 2 "2012-02-09" "2012" 2 4 2 0 1 1 0.22 0.2273 0.8 0.1343 0
"388" 72 "2011-01-17" "2011" 1 1 15 1 0 2 0.2 0.2121 0.47 0.1642 21
"6486" 128 "2011-10-02" "2011" 10 0 19 0 0 2 0.38 0.3939 0.76 0.1642 34
"11213" 329 "2012-04-17" "2012" 4 2 9 0 1 1 0.6 0.6212 0.38 0.4925 71
"10191" 180 "2012-03-05" "2012" 3 1 16 0 1 1 0.3 0.2727 0.45 0.2985 30
"2122" 23 "2011-04-03" "2011" 4 0 6 0 0 1 0.28 0.2727 0.65 0.194 10
"2301" 152 "2011-04-10" "2011" 4 0 17 0 0 2 0.52 0.5 0.72 0.194 84
"13679" 37 "2012-07-29" "2012" 7 0 3 0 0 1 0.66 0.6212 0.69 0.2239 18
"742" 86 "2011-02-03" "2011" 2 4 7 0 1 1 0.14 0.1212 0.5 0.3284 1
"2161" 76 "2011-04-04" "2011" 4 1 21 0 1 2 0.7 0.6364 0.3 0.4478 19
"9778" 516 "2012-02-17" "2012" 2 5 8 0 1 2 0.26 0.303 1 0 4
"5948" 103 "2011-09-10" "2011" 9 6 8 0 0 1 0.62 0.5758 0.83 0.1642 16
"7419" 168 "2011-11-10" "2011" 11 4 17 0 1 3 0.36 0.3485 0.81 0.2239 9
"187" 12 "2011-01-09" "2011" 1 0 1 0 0 1 0.1 0.0606 0.42 0.4627 0
"326" 18 "2011-01-15" "2011" 1 6 1 0 0 2 0.16 0.197 0.59 0.0896 2
"6370" 82 "2011-09-27" "2011" 9 2 23 0 1 1 0.6 0.5455 0.88 0.0896 11
"3826" 302 "2011-06-13" "2011" 6 1 7 0 1 1 0.56 0.5303 0.56 0.3582 26
"10788" 173 "2012-03-30" "2012" 3 5 14 0 1 3 0.4 0.4091 0.54 0 56
"10844" 61 "2012-04-01" "2012" 4 0 22 0 0 3 0.5 0.4848 0.63 0.1045 7
"10711" 259 "2012-03-27" "2012" 3 2 9 0 1 1 0.24 0.2273 0.38 0.194 8
"9687" 129 "2012-02-13" "2012" 2 1 13 0 1 1 0.32 0.303 0.22 0.2239 11
"9182" 57 "2012-01-23" "2012" 1 1 11 0 1 2 0.2 0.2273 0.93 0.0896 5
"14856" 6 "2012-09-16" "2012" 9 0 4 0 0 1 0.5 0.4848 0.72 0 2
"5259" 53 "2011-08-12" "2011" 8 5 0 0 1 1 0.64 0.6212 0.53 0.1642 12
"3156" 156 "2011-05-16" "2011" 5 1 9 0 1 1 0.6 0.5909 0.69 0.194 38
"16056" 369 "2012-11-06" "2012" 11 2 16 0 1 1 0.34 0.3333 0.46 0.1642 33
"2405" 10 "2011-04-15" "2011" 4 5 2 1 0 1 0.4 0.4091 0.76 0 8
"3653" 4 "2011-06-06" "2011" 6 1 2 0 1 1 0.58 0.5455 0.88 0.1045 4
"3709" 63 "2011-06-08" "2011" 6 3 10 0 1 1 0.82 0.7424 0.43 0.2239 27
"11332" 43 "2012-04-22" "2012" 4 0 8 0 0 3 0.4 0.4091 0.82 0.2537 8
"6116" 145 "2011-09-17" "2011" 9 6 9 0 0 2 0.48 0.4697 0.67 0.2239 32
"4087" 8 "2011-06-24" "2011" 6 5 4 0 1 1 0.66 0.6061 0.83 0.0896 1
"4158" 2 "2011-06-27" "2011" 6 1 3 0 1 3 0.62 0.5909 0.78 0.1343 0
"4759" 5 "2011-07-22" "2011" 7 5 4 0 1 1 0.76 0.7424 0.75 0.1045 8
"2592" 23 "2011-04-22" "2011" 4 5 21 0 1 3 0.3 0.303 0.93 0.1642 5
"7541" 259 "2011-11-15" "2011" 11 2 19 0 1 2 0.5 0.4848 0.72 0.3582 27
"6964" 224 "2011-10-22" "2011" 10 6 18 0 0 1 0.44 0.4394 0.54 0.0896 111
"3694" 355 "2011-06-07" "2011" 6 2 19 0 1 1 0.76 0.6818 0.48 0.2537 69
"6534" 310 "2011-10-04" "2011" 10 2 19 0 1 1 0.52 0.5 0.68 0.2239 35
"13549" 760 "2012-07-23" "2012" 7 1 17 0 1 1 0.82 0.7727 0.52 0.1343 87
"4293" 190 "2011-07-02" "2011" 7 6 18 0 0 1 0.82 0.7121 0.3 0.2836 193
"1152" 71 "2011-02-20" "2011" 2 0 18 0 0 2 0.34 0.3333 0.36 0.1343 30
"7407" 22 "2011-11-10" "2011" 11 4 5 0 1 2 0.36 0.3485 1 0.1343 1
"16839" 94 "2012-12-09" "2012" 12 0 9 0 0 2 0.4 0.4091 0.87 0.2537 9
"6222" 253 "2011-09-21" "2011" 9 3 19 0 1 3 0.62 0.5455 0.94 0 30
"13266" 203 "2012-07-11" "2012" 7 3 22 0 1 1 0.72 0.6667 0.58 0.2537 41
"2987" 351 "2011-05-09" "2011" 5 1 8 0 1 1 0.52 0.5 0.55 0.2239 23
"9601" 75 "2012-02-09" "2012" 2 4 23 0 1 2 0.3 0.3333 0.52 0 9
"14287" 192 "2012-08-23" "2012" 8 4 11 0 1 1 0.76 0.6818 0.48 0.0896 86
"16403" 10 "2012-11-21" "2012" 11 3 4 0 1 1 0.28 0.2879 0.87 0.1045 0
"2428" 28 "2011-04-16" "2011" 4 6 1 0 0 2 0.36 0.3333 0.87 0.2836 5
"2992" 138 "2011-05-09" "2011" 5 1 13 0 1 1 0.62 0.6212 0.38 0.2836 36
"11945" 254 "2012-05-17" "2012" 5 4 21 0 1 1 0.58 0.5455 0.4 0.1045 45
"2680" 139 "2011-04-26" "2011" 4 2 13 0 1 1 0.74 0.6667 0.51 0.4478 37
"9557" 1 "2012-02-08" "2012" 2 3 3 0 1 1 0.26 0.303 0.65 0 0
"13421" 253 "2012-07-18" "2012" 7 3 9 0 1 1 0.82 0.7879 0.56 0 44
"6207" 5 "2011-09-21" "2011" 9 3 4 0 1 2 0.54 0.5152 1 0.1343 2
"16915" 220 "2012-12-12" "2012" 12 3 13 0 1 2 0.34 0.3636 0.42 0 18
"5533" 92 "2011-08-23" "2011" 8 2 10 0 1 1 0.7 0.6364 0.37 0 56
"11936" 276 "2012-05-17" "2012" 5 4 12 0 1 1 0.6 0.6212 0.43 0.194 72
"888" 40 "2011-02-09" "2011" 2 3 11 0 1 2 0.14 0.1515 0.43 0.1642 1
"4998" 4 "2011-08-01" "2011" 8 1 3 0 1 1 0.7 0.6667 0.79 0.1642 0
"13012" 106 "2012-07-01" "2012" 7 0 8 0 0 1 0.78 0.7424 0.62 0.1045 36
"2519" 148 "2011-04-19" "2011" 4 2 20 0 1 2 0.5 0.4848 0.72 0.2239 20
"17218" 6 "2012-12-25" "2012" 12 2 6 1 0 2 0.22 0.2273 0.93 0.1343 1
"14407" 171 "2012-08-28" "2012" 8 2 11 0 1 1 0.78 0.7273 0.55 0.2537 47
"13140" 300 "2012-07-06" "2012" 7 5 16 0 1 1 0.92 0.8182 0.29 0.1045 69
"8688" 89 "2012-01-02" "2012" 1 1 19 1 0 1 0.24 0.2273 0.38 0.2239 4
"1919" 202 "2011-03-25" "2011" 3 5 17 0 1 2 0.32 0.2879 0.36 0.3582 23
"16532" 197 "2012-11-26" "2012" 11 1 13 0 1 1 0.42 0.4242 0.35 0.1045 20
"4000" 129 "2011-06-20" "2011" 6 1 13 0 1 1 0.64 0.6061 0.65 0.1045 50
"549" 6 "2011-01-25" "2011" 1 2 0 0 1 2 0.16 0.1364 0.69 0.2836 3
"4419" 41 "2011-07-08" "2011" 7 5 0 0 1 1 0.74 0.697 0.66 0.1045 6
"8280" 141 "2011-12-16" "2011" 12 5 15 0 1 2 0.32 0.303 0.45 0.2985 12
"12307" 67 "2012-06-01" "2012" 6 5 23 0 1 3 0.6 0.5455 0.88 0.1343 6
"12524" 33 "2012-06-11" "2012" 6 1 0 0 1 1 0.7 0.6515 0.65 0.1045 8
"14833" 15 "2012-09-15" "2012" 9 6 5 0 0 1 0.58 0.5455 0.6 0.5224 1
"9108" 242 "2012-01-20" "2012" 1 5 9 0 1 1 0.22 0.197 0.47 0.3881 21
"9314" 79 "2012-01-28" "2012" 1 6 23 0 0 1 0.32 0.3182 0.31 0.194 6
"206" 38 "2011-01-09" "2011" 1 0 20 0 0 1 0.14 0.1212 0.46 0.2537 0
"8589" 150 "2011-12-29" "2011" 12 4 15 0 1 2 0.3 0.3182 0.52 0.0896 27
"7536" 120 "2011-11-15" "2011" 11 2 14 0 1 2 0.54 0.5152 0.6 0.2836 27
"3871" 4 "2011-06-15" "2011" 6 3 4 0 1 1 0.5 0.4848 0.63 0.2836 0
"10148" 130 "2012-03-03" "2012" 3 6 21 0 0 1 0.46 0.4545 0.19 0.3284 24
"7687" 103 "2011-11-21" "2011" 11 1 21 0 1 3 0.4 0.4091 0.87 0.1642 11
"16732" 155 "2012-12-04" "2012" 12 2 22 0 1 2 0.5 0.4848 0.63 0.2985 26
"2467" 182 "2011-04-17" "2011" 4 0 16 0 0 1 0.54 0.5152 0.3 0.3582 161
"15353" 137 "2012-10-06" "2012" 10 6 21 0 0 1 0.46 0.4545 0.59 0.1343 78
"12127" 193 "2012-05-25" "2012" 5 5 11 0 1 1 0.68 0.6364 0.79 0.1343 90
"13541" 288 "2012-07-23" "2012" 7 1 9 0 1 2 0.74 0.7121 0.74 0.1343 57
"9361" 92 "2012-01-30" "2012" 1 1 22 0 1 1 0.28 0.2727 0.48 0.2239 2
"8743" 4 "2012-01-05" "2012" 1 4 2 0 1 1 0.2 0.2273 0.51 0.0896 0
"8515" 66 "2011-12-26" "2011" 12 1 12 1 0 1 0.36 0.3182 0.43 0.4627 34
"14104" 355 "2012-08-15" "2012" 8 3 20 0 1 1 0.7 0.6515 0.61 0.1343 72
"393" 29 "2011-01-17" "2011" 1 1 20 1 0 3 0.16 0.1515 0.8 0.194 4
"12010" 307 "2012-05-20" "2012" 5 0 14 0 0 1 0.72 0.6515 0.39 0.3881 236
"7590" 162 "2011-11-17" "2011" 11 4 20 0 1 1 0.3 0.2879 0.42 0.2836 7
"11703" 463 "2012-05-07" "2012" 5 1 19 0 1 1 0.58 0.5455 0.56 0.3284 83
"13774" 8 "2012-08-02" "2012" 8 4 2 0 1 1 0.66 0.6061 0.83 0.0896 3
"1503" 22 "2011-03-07" "2011" 3 1 23 0 1 1 0.28 0.3182 0.48 0 0
"6597" 126 "2011-10-07" "2011" 10 5 10 0 1 1 0.52 0.5 0.68 0.0896 48
"574" 7 "2011-01-26" "2011" 1 3 2 0 1 3 0.22 0.2273 0.69 0.194 3
"6468" 23 "2011-10-02" "2011" 10 0 1 0 0 3 0.34 0.3182 0.87 0.2537 1
"8370" 245 "2011-12-20" "2011" 12 2 9 0 1 2 0.36 0.3788 0.66 0 14
"16719" 317 "2012-12-04" "2012" 12 2 9 0 1 1 0.46 0.4545 0.82 0.1045 19
"3768" 163 "2011-06-10" "2011" 6 5 21 0 1 1 0.76 0.7273 0.66 0.1343 55
"4897" 143 "2011-07-27" "2011" 7 3 22 0 1 1 0.72 0.6667 0.48 0 37
"3715" 199 "2011-06-08" "2011" 6 3 16 0 1 1 0.92 0.8788 0.4 0.2239 34
"11525" 239 "2012-04-30" "2012" 4 1 9 0 1 2 0.4 0.4091 0.43 0.194 29
"3563" 442 "2011-06-02" "2011" 6 4 8 0 1 1 0.7 0.6364 0.32 0.2985 25
"15200" 474 "2012-09-30" "2012" 9 0 12 0 0 1 0.62 0.6212 0.41 0.2985 206
"9044" 442 "2012-01-17" "2012" 1 2 17 0 1 1 0.46 0.4545 0.63 0.4478 20
"7530" 453 "2011-11-15" "2011" 11 2 8 0 1 2 0.54 0.5152 0.68 0.1045 27
"15570" 118 "2012-10-15" "2012" 10 1 22 0 1 1 0.5 0.4848 0.59 0.2836 8
"2409" 42 "2011-04-15" "2011" 4 5 6 1 0 1 0.36 0.3636 0.81 0.0896 5
"5577" 101 "2011-08-25" "2011" 8 4 6 0 1 1 0.66 0.6061 0.83 0.3284 1
"12784" 357 "2012-06-21" "2012" 6 4 20 0 1 1 0.86 0.7879 0.44 0.194 79
"8543" 44 "2011-12-27" "2011" 12 2 16 0 1 3 0.44 0.4394 0.88 0.3284 2
"7256" 116 "2011-11-03" "2011" 11 4 22 0 1 1 0.4 0.4091 0.82 0 21
"14031" 317 "2012-08-12" "2012" 8 0 19 0 0 1 0.74 0.6515 0.4 0.1343 148
"7072" 42 "2011-10-27" "2011" 10 4 6 0 1 3 0.5 0.4848 0.82 0 4
"3315" 18 "2011-05-23" "2011" 5 1 0 0 1 2 0.56 0.5303 0.88 0.1343 23
"12982" 54 "2012-06-30" "2012" 6 6 2 0 0 2 0.64 0.5758 0.89 0 7
"1008" 71 "2011-02-14" "2011" 2 1 15 0 1 1 0.56 0.5303 0.21 0.6567 19
"2725" 45 "2011-04-28" "2011" 4 4 10 0 1 2 0.62 0.5606 0.88 0.2836 9
"1855" 8 "2011-03-23" "2011" 3 3 0 0 1 3 0.36 0.3485 0.71 0.2239 3
"13897" 33 "2012-08-07" "2012" 8 2 5 0 1 1 0.7 0.6667 0.79 0.1045 3
"11876" 25 "2012-05-15" "2012" 5 2 0 0 1 2 0.56 0.5303 0.88 0.1343 7
"7318" 226 "2011-11-06" "2011" 11 0 12 0 0 1 0.44 0.4394 0.54 0 120
"1509" 8 "2011-03-08" "2011" 3 2 5 0 1 1 0.2 0.2273 0.69 0.1045 2
"11443" 106 "2012-04-26" "2012" 4 4 23 0 1 1 0.5 0.4848 0.88 0.1642 6
"7247" 150 "2011-11-03" "2011" 11 4 13 0 1 2 0.52 0.5 0.48 0.2537 19
"8217" 22 "2011-12-14" "2011" 12 3 0 0 1 1 0.26 0.303 0.75 0 0
"837" 89 "2011-02-07" "2011" 2 1 7 0 1 1 0.18 0.2424 0.86 0 6
"2368" 55 "2011-04-13" "2011" 4 3 13 0 1 2 0.44 0.4394 0.77 0.194 6
"16207" 18 "2012-11-13" "2012" 11 2 0 0 1 2 0.52 0.5 0.83 0.2836 5
"11120" 218 "2012-04-13" "2012" 4 5 12 0 1 1 0.5 0.4848 0.31 0 104
"791" 17 "2011-02-05" "2011" 2 6 9 0 0 3 0.2 0.2273 1 0.0896 3
"13862" 154 "2012-08-05" "2012" 8 0 18 0 0 3 0.7 0.6667 0.74 0.1343 75
"15178" 448 "2012-09-29" "2012" 9 6 14 0 0 1 0.6 0.6212 0.4 0.2537 302
"12142" 55 "2012-05-26" "2012" 5 6 2 0 0 1 0.64 0.5758 0.89 0.1343 9
"672" 71 "2011-01-31" "2011" 1 1 7 0 1 2 0.16 0.1364 0.64 0.2836 1
"8352" 135 "2011-12-19" "2011" 12 1 15 0 1 1 0.38 0.3939 0.46 0.1642 24
"13639" 184 "2012-07-27" "2012" 7 5 11 0 1 1 0.84 0.7727 0.47 0.3284 67
"15154" 294 "2012-09-28" "2012" 9 5 14 0 1 2 0.7 0.6515 0.54 0.2537 105
"9782" 177 "2012-02-17" "2012" 2 5 12 0 1 1 0.38 0.3939 0.46 0.3881 21
"8955" 60 "2012-01-13" "2012" 1 5 23 0 1 1 0.18 0.1818 0.47 0.194 5
"16042" 2 "2012-11-06" "2012" 11 2 2 0 1 1 0.24 0.2576 0.65 0.0896 0
"6637" 35 "2011-10-09" "2011" 10 0 2 0 0 1 0.46 0.4545 0.88 0 20
"12113" 237 "2012-05-24" "2012" 5 4 21 0 1 3 0.64 0.5909 0.78 0.1642 48
"3250" 289 "2011-05-20" "2011" 5 5 7 0 1 1 0.5 0.4848 0.77 0.1642 30
"15420" 354 "2012-10-09" "2012" 10 2 16 0 1 2 0.5 0.4848 0.72 0.1642 70
"13280" 221 "2012-07-12" "2012" 7 4 12 0 1 1 0.78 0.6818 0.35 0.1343 71
"4395" 29 "2011-07-07" "2011" 7 4 0 0 1 1 0.66 0.5909 0.89 0.1343 6
"25" 13 "2011-01-02" "2011" 1 0 0 0 0 2 0.46 0.4545 0.88 0.2985 4
"6432" 194 "2011-09-30" "2011" 9 5 13 0 1 2 0.66 0.6212 0.47 0.3284 72
"13640" 207 "2012-07-27" "2012" 7 5 12 0 1 1 0.84 0.7879 0.49 0.3582 92
"12808" 171 "2012-06-22" "2012" 6 5 20 0 1 2 0.76 0.697 0.55 0.5224 31
"6368" 179 "2011-09-27" "2011" 9 2 21 0 1 1 0.6 0.5606 0.83 0 17
"11039" 2 "2012-04-10" "2012" 4 2 2 0 1 1 0.36 0.3485 0.71 0.1343 0
"12573" 21 "2012-06-13" "2012" 6 3 1 0 1 1 0.64 0.5909 0.78 0 7
"7735" 66 "2011-11-23" "2011" 11 3 21 0 1 1 0.36 0.3182 0.57 0.4627 0
"1776" 129 "2011-03-19" "2011" 3 6 16 0 0 1 0.5 0.4848 0.31 0.3881 175
"16759" 16 "2012-12-06" "2012" 12 4 1 0 1 1 0.26 0.2424 0.48 0.2836 0
"8837" 12 "2012-01-09" "2012" 1 1 0 0 1 1 0.24 0.2273 0.6 0.2239 3
"2104" 100 "2011-04-02" "2011" 4 6 12 0 0 3 0.32 0.3333 0.81 0.1343 84
"6359" 129 "2011-09-27" "2011" 9 2 12 0 1 2 0.66 0.5909 0.89 0.1343 33
"9531" 6 "2012-02-07" "2012" 2 2 1 0 1 1 0.28 0.2879 0.61 0.1343 8
"13664" 330 "2012-07-28" "2012" 7 6 12 0 0 1 0.84 0.7576 0.41 0.2239 157
"14401" 39 "2012-08-28" "2012" 8 2 5 0 1 2 0.66 0.6061 0.83 0.0896 3
"6834" 299 "2011-10-17" "2011" 10 1 7 0 1 2 0.5 0.4848 0.55 0.1642 10
"10354" 162 "2012-03-12" "2012" 3 1 12 0 1 1 0.48 0.4697 0.39 0.2239 59
"12699" 135 "2012-06-18" "2012" 6 1 7 0 1 3 0.52 0.5 0.94 0.2239 10
"13151" 19 "2012-07-07" "2012" 7 6 3 0 0 1 0.74 0.7121 0.74 0.1343 12
"9724" 4 "2012-02-15" "2012" 2 3 2 0 1 1 0.3 0.3333 0.61 0 0
"10742" 170 "2012-03-28" "2012" 3 3 16 0 1 3 0.62 0.6212 0.43 0.0896 51
"982" 92 "2011-02-13" "2011" 2 0 13 0 0 1 0.38 0.3939 0.29 0.3582 62
"1148" 104 "2011-02-20" "2011" 2 0 14 0 0 1 0.36 0.3485 0.27 0.1642 108
"7040" 148 "2011-10-25" "2011" 10 2 22 0 1 1 0.46 0.4545 0.67 0.194 22
"15315" 417 "2012-10-05" "2012" 10 5 7 0 1 1 0.52 0.5 0.83 0.1045 11
"2662" 320 "2011-04-25" "2011" 4 1 19 0 1 1 0.66 0.6212 0.57 0.3284 62
"10795" 190 "2012-03-30" "2012" 3 5 21 0 1 1 0.38 0.3939 0.66 0.1343 30
"3959" 127 "2011-06-18" "2011" 6 6 20 0 0 2 0.72 0.6667 0.58 0.1343 61
"5219" 361 "2011-08-10" "2011" 8 3 8 0 1 1 0.74 0.6667 0.51 0.194 38
"10225" 4 "2012-03-07" "2012" 3 3 2 0 1 1 0.3 0.2879 0.56 0.2836 0
"3029" 4 "2011-05-11" "2011" 5 3 2 0 1 1 0.52 0.5 0.59 0 6
"1699" 49 "2011-03-16" "2011" 3 3 10 0 1 2 0.36 0.3485 0.81 0.1642 19
"10710" 567 "2012-03-27" "2012" 3 2 8 0 1 1 0.22 0.2121 0.37 0.2985 14
"14204" 25 "2012-08-20" "2012" 8 1 0 0 1 2 0.6 0.5606 0.83 0.1045 1
"9133" 45 "2012-01-21" "2012" 1 6 10 0 0 3 0.16 0.1515 0.93 0.2537 0
"9488" 4 "2012-02-05" "2012" 2 0 5 0 0 3 0.26 0.2576 0.81 0.194 0
"1982" 47 "2011-03-28" "2011" 3 1 10 0 1 1 0.24 0.2273 0.3 0.194 22
"5728" 11 "2011-09-01" "2011" 9 4 2 0 1 1 0.58 0.5455 0.78 0.0896 14
"17303" 113 "2012-12-28" "2012" 12 5 19 0 1 2 0.24 0.2273 0.65 0.194 15
"9795" 38 "2012-02-18" "2012" 2 6 1 0 0 1 0.32 0.3182 0.49 0.1642 7
"2457" 5 "2011-04-17" "2011" 4 0 6 0 0 1 0.36 0.3182 0.66 0.4478 3
"7217" 240 "2011-11-02" "2011" 11 3 7 0 1 1 0.3 0.3333 0.81 0 11
"3640" 213 "2011-06-05" "2011" 6 0 13 0 0 1 0.66 0.6212 0.65 0.1045 154
"1359" 55 "2011-03-01" "2011" 3 2 21 0 1 1 0.26 0.303 0.56 0 8
"7382" 4 "2011-11-09" "2011" 11 3 4 0 1 1 0.32 0.3485 0.87 0 0
"2317" 55 "2011-04-11" "2011" 4 1 10 0 1 2 0.56 0.5303 0.83 0.2985 41
"16553" 52 "2012-11-27" "2012" 11 2 10 0 1 3 0.32 0.3182 0.81 0.194 5
"10244" 177 "2012-03-07" "2012" 3 3 21 0 1 1 0.44 0.4394 0.62 0.2537 11
"15621" 14 "2012-10-18" "2012" 10 4 1 0 1 1 0.46 0.4545 0.82 0.2239 0
"7028" 102 "2011-10-25" "2011" 10 2 10 0 1 1 0.5 0.4848 0.51 0.2537 26
"4600" 162 "2011-07-15" "2011" 7 5 13 0 1 1 0.7 0.6515 0.54 0.194 85
"7055" 62 "2011-10-26" "2011" 10 3 13 0 1 3 0.56 0.5303 0.6 0.1045 20
"5876" 83 "2011-09-07" "2011" 9 3 7 0 1 3 0.6 0.5455 0.88 0.0896 3
"14153" 198 "2012-08-17" "2012" 8 5 21 0 1 2 0.68 0.2424 0.69 0.2985 57
"15457" 42 "2012-10-11" "2012" 10 4 5 0 1 1 0.36 0.3485 0.5 0.1642 0
"7830" 94 "2011-11-27" "2011" 11 0 20 0 0 1 0.5 0.4848 0.63 0.2537 10
"10107" 2 "2012-03-02" "2012" 3 5 4 0 1 1 0.32 0.3485 0.61 0 0
